0 135 -1 -1 3
-4064.00000000 -4032.00000000 -858.00000000
-3888.00000000 -3856.00000000 -858.00000000
-4064.00000000 -3856.00000000 -858.00000000

0 134 -1 -2 3
-4064.00000000 -3856.00000000 -858.00000000
-3888.00000000 -3856.00000000 -858.00000000
-4064.00000000 -4032.00000000 -858.00000000

0 140 -1 -1 4
-4037.33333333 -4064.00000000 -300.16666667
-4064.00000000 -4064.00000000 -296.00000000
-4064.00000000 -4056.00000000 -293.25000000
-3856.00000000 -3882.66666667 -266.16666667

0 141 -1 -2 4
-3856.00000000 -3882.66666667 -266.16666667
-4064.00000000 -4056.00000000 -293.25000000
-4064.00000000 -4064.00000000 -296.00000000
-4037.33333333 -4064.00000000 -300.16666667

0 140 -1 -1 4
-4064.00000000 -3856.00000000 -224.50000000
-3841.45454545 -3856.00000000 -259.27272727
-3842.66666667 -3869.33333333 -263.66666667
-4064.00000000 -4027.42857143 -283.42857143

0 141 -1 -2 4
-4064.00000000 -4027.42857143 -283.42857143
-3842.66666667 -3869.33333333 -263.66666667
-3841.45454545 -3856.00000000 -259.27272727
-4064.00000000 -3856.00000000 -224.50000000

0 140 -1 -1 4
-3856.00000000 -3882.66666667 -266.16666667
-4064.00000000 -4056.00000000 -293.25000000
-4064.00000000 -4027.42857143 -283.42857143
-3842.66666667 -3869.33333333 -263.66666667

0 141 -1 -2 4
-3842.66666667 -3869.33333333 -263.66666667
-4064.00000000 -4027.42857143 -283.42857143
-4064.00000000 -4056.00000000 -293.25000000
-3856.00000000 -3882.66666667 -266.16666667

0 135 -1 -1 5
-3888.00000000 -3856.00000000 -858.00000000
-4064.00000000 -4032.00000000 -858.00000000
-4064.00000000 -4064.00000000 -858.00000000
-3856.00000000 -4064.00000000 -858.00000000
-3856.00000000 -3856.00000000 -858.00000000

0 134 -1 -2 5
-3856.00000000 -3856.00000000 -858.00000000
-3856.00000000 -4064.00000000 -858.00000000
-4064.00000000 -4064.00000000 -858.00000000
-4064.00000000 -4032.00000000 -858.00000000
-3888.00000000 -3856.00000000 -858.00000000

0 124 -1 -1 3
-3856.00000000 -3882.66666667 -266.16666667
-3856.00000000 -4064.00000000 -294.50000000
-4037.33333333 -4064.00000000 -300.16666667

0 125 -1 -2 3
-4037.33333333 -4064.00000000 -300.16666667
-3856.00000000 -4064.00000000 -294.50000000
-3856.00000000 -3882.66666667 -266.16666667

0 135 -1 -1 3
-4064.00000000 -3856.00000000 -858.00000000
-3856.00000000 -3856.00000000 -858.00000000
-4064.00000000 -3648.00000000 -858.00000000

0 134 -1 -2 3
-4064.00000000 -3648.00000000 -858.00000000
-3856.00000000 -3856.00000000 -858.00000000
-4064.00000000 -3856.00000000 -858.00000000

0 144 -1 -1 4
-3841.45454545 -3856.00000000 -259.27272727
-4064.00000000 -3856.00000000 -224.50000000
-4064.00000000 -3656.00000000 -174.50000000
-3837.39534884 -3844.83720930 -257.11627907

0 145 -1 -2 4
-3837.39534884 -3844.83720930 -257.11627907
-4064.00000000 -3656.00000000 -174.50000000
-4064.00000000 -3856.00000000 -224.50000000
-3841.45454545 -3856.00000000 -259.27272727

0 144 -1 -1 3
-3856.00000000 -3829.33333333 -250.33333333
-4064.00000000 -3656.00000000 -174.50000000
-4064.00000000 -3621.33333333 -165.83333333

0 145 -1 -2 3
-4064.00000000 -3621.33333333 -165.83333333
-4064.00000000 -3656.00000000 -174.50000000
-3856.00000000 -3829.33333333 -250.33333333

0 135 -1 -1 3
-3888.00000000 -3824.00000000 -858.00000000
-3856.00000000 -3856.00000000 -858.00000000
-3856.00000000 -3824.00000000 -858.00000000

0 134 -1 -2 3
-3856.00000000 -3824.00000000 -858.00000000
-3856.00000000 -3856.00000000 -858.00000000
-3888.00000000 -3824.00000000 -858.00000000

0 135 -1 -1 5
-4064.00000000 -3648.00000000 -858.00000000
-3888.00000000 -3824.00000000 -858.00000000
-3856.00000000 -3824.00000000 -858.00000000
-3856.00000000 -3600.00000000 -858.00000000
-4064.00000000 -3600.00000000 -858.00000000

0 134 -1 -2 5
-4064.00000000 -3600.00000000 -858.00000000
-3856.00000000 -3600.00000000 -858.00000000
-3856.00000000 -3824.00000000 -858.00000000
-3888.00000000 -3824.00000000 -858.00000000
-4064.00000000 -3648.00000000 -858.00000000

0 160 -1 -1 4
-3856.00000000 -3600.00000000 -150.00000000
-3856.00000000 -3829.33333333 -250.33333333
-4064.00000000 -3621.33333333 -165.83333333
-4064.00000000 -3600.00000000 -156.50000000

0 161 -1 -2 4
-4064.00000000 -3600.00000000 -156.50000000
-4064.00000000 -3621.33333333 -165.83333333
-3856.00000000 -3829.33333333 -250.33333333
-3856.00000000 -3600.00000000 -150.00000000

0 135 -1 -1 3
-4064.00000000 -3600.00000000 -858.00000000
-3856.00000000 -3600.00000000 -858.00000000
-4064.00000000 -3392.00000000 -858.00000000

0 134 -1 -2 3
-4064.00000000 -3392.00000000 -858.00000000
-3856.00000000 -3600.00000000 -858.00000000
-4064.00000000 -3600.00000000 -858.00000000

0 240 -1 -1 3
-4064.00000000 -3392.00000000 -104.50000000
-3856.00000000 -3600.00000000 -150.00000000
-4064.00000000 -3600.00000000 -156.50000000

0 241 -1 -2 3
-4064.00000000 -3600.00000000 -156.50000000
-3856.00000000 -3600.00000000 -150.00000000
-4064.00000000 -3392.00000000 -104.50000000

0 135 -1 -1 3
-3888.00000000 -3568.00000000 -858.00000000
-3856.00000000 -3600.00000000 -858.00000000
-3856.00000000 -3568.00000000 -858.00000000

0 134 -1 -2 3
-3856.00000000 -3568.00000000 -858.00000000
-3856.00000000 -3600.00000000 -858.00000000
-3888.00000000 -3568.00000000 -858.00000000

0 135 -1 -1 5
-4064.00000000 -3392.00000000 -858.00000000
-3888.00000000 -3568.00000000 -858.00000000
-3856.00000000 -3568.00000000 -858.00000000
-3856.00000000 -3344.00000000 -858.00000000
-4064.00000000 -3344.00000000 -858.00000000

0 134 -1 -2 5
-4064.00000000 -3344.00000000 -858.00000000
-3856.00000000 -3344.00000000 -858.00000000
-3856.00000000 -3568.00000000 -858.00000000
-3888.00000000 -3568.00000000 -858.00000000
-4064.00000000 -3392.00000000 -858.00000000

0 280 -1 -1 4
-3856.00000000 -3344.00000000 -78.00000000
-3856.00000000 -3600.00000000 -150.00000000
-4064.00000000 -3392.00000000 -104.50000000
-4064.00000000 -3344.00000000 -91.00000000

0 281 -1 -2 4
-4064.00000000 -3344.00000000 -91.00000000
-4064.00000000 -3392.00000000 -104.50000000
-3856.00000000 -3600.00000000 -150.00000000
-3856.00000000 -3344.00000000 -78.00000000

0 135 -1 -1 3
-4064.00000000 -3264.00000000 -858.00000000
-3888.00000000 -3088.00000000 -858.00000000
-4064.00000000 -3088.00000000 -858.00000000

0 134 -1 -2 3
-4064.00000000 -3088.00000000 -858.00000000
-3888.00000000 -3088.00000000 -858.00000000
-4064.00000000 -3264.00000000 -858.00000000

0 272 -1 -1 3
-4064.00000000 -3088.00000000 42.00000000
-3856.00000000 -3088.00000000 42.00000000
-4064.00000000 -3296.00000000 -68.50000000

0 273 -1 -2 3
-4064.00000000 -3296.00000000 -68.50000000
-3856.00000000 -3088.00000000 42.00000000
-4064.00000000 -3088.00000000 42.00000000

0 135 -1 -1 4
-4064.00000000 -3344.00000000 -858.00000000
-3856.00000000 -3344.00000000 -858.00000000
-3856.00000000 -3312.00000000 -858.00000000
-4064.00000000 -3312.00000000 -858.00000000

0 134 -1 -2 4
-4064.00000000 -3312.00000000 -858.00000000
-3856.00000000 -3312.00000000 -858.00000000
-3856.00000000 -3344.00000000 -858.00000000
-4064.00000000 -3344.00000000 -858.00000000

0 135 -1 -1 5
-3888.00000000 -3088.00000000 -858.00000000
-4064.00000000 -3264.00000000 -858.00000000
-4064.00000000 -3312.00000000 -858.00000000
-3856.00000000 -3312.00000000 -858.00000000
-3856.00000000 -3088.00000000 -858.00000000

0 134 -1 -2 5
-3856.00000000 -3088.00000000 -858.00000000
-3856.00000000 -3312.00000000 -858.00000000
-4064.00000000 -3312.00000000 -858.00000000
-4064.00000000 -3264.00000000 -858.00000000
-3888.00000000 -3088.00000000 -858.00000000

0 286 -1 -1 4
-3856.00000000 -3088.00000000 42.00000000
-3856.00000000 -3344.00000000 -78.00000000
-4064.00000000 -3344.00000000 -91.00000000
-4064.00000000 -3296.00000000 -68.50000000

0 287 -1 -2 4
-4064.00000000 -3296.00000000 -68.50000000
-4064.00000000 -3344.00000000 -91.00000000
-3856.00000000 -3344.00000000 -78.00000000
-3856.00000000 -3088.00000000 42.00000000

0 135 -1 -1 3
-4064.00000000 -3088.00000000 -858.00000000
-3856.00000000 -3088.00000000 -858.00000000
-4064.00000000 -2880.00000000 -858.00000000

0 134 -1 -2 3
-4064.00000000 -2880.00000000 -858.00000000
-3856.00000000 -3088.00000000 -858.00000000
-4064.00000000 -3088.00000000 -858.00000000

0 364 -1 -1 3
-3856.00000000 -3088.00000000 42.00000000
-4064.00000000 -3088.00000000 42.00000000
-4064.00000000 -2880.00000000 94.00000000

0 365 -1 -2 3
-4064.00000000 -2880.00000000 94.00000000
-4064.00000000 -3088.00000000 42.00000000
-3856.00000000 -3088.00000000 42.00000000

0 135 -1 -1 3
-3888.00000000 -3056.00000000 -858.00000000
-3856.00000000 -3088.00000000 -858.00000000
-3856.00000000 -3056.00000000 -858.00000000

0 134 -1 -2 3
-3856.00000000 -3056.00000000 -858.00000000
-3856.00000000 -3088.00000000 -858.00000000
-3888.00000000 -3056.00000000 -858.00000000

0 135 -1 -1 5
-4064.00000000 -2880.00000000 -858.00000000
-3888.00000000 -3056.00000000 -858.00000000
-3856.00000000 -3056.00000000 -858.00000000
-3856.00000000 -2832.00000000 -858.00000000
-4064.00000000 -2832.00000000 -858.00000000

0 134 -1 -2 5
-4064.00000000 -2832.00000000 -858.00000000
-3856.00000000 -2832.00000000 -858.00000000
-3856.00000000 -3056.00000000 -858.00000000
-3888.00000000 -3056.00000000 -858.00000000
-4064.00000000 -2880.00000000 -858.00000000

0 388 -1 -1 4
-3856.00000000 -2832.00000000 122.00000000
-3856.00000000 -3088.00000000 42.00000000
-4064.00000000 -2880.00000000 94.00000000
-4064.00000000 -2832.00000000 109.00000000

0 389 -1 -2 4
-4064.00000000 -2832.00000000 109.00000000
-4064.00000000 -2880.00000000 94.00000000
-3856.00000000 -3088.00000000 42.00000000
-3856.00000000 -2832.00000000 122.00000000

0 135 -1 -1 3
-4064.00000000 -2832.00000000 -858.00000000
-3856.00000000 -2832.00000000 -858.00000000
-4064.00000000 -2624.00000000 -858.00000000

0 134 -1 -2 3
-4064.00000000 -2624.00000000 -858.00000000
-3856.00000000 -2832.00000000 -858.00000000
-4064.00000000 -2832.00000000 -858.00000000

0 392 -1 -1 4
-3856.00000000 -2800.00000000 122.00000000
-3856.00000000 -2832.00000000 122.00000000
-4064.00000000 -2832.00000000 109.00000000
-4064.00000000 -2800.00000000 109.00000000

0 393 -1 -2 4
-4064.00000000 -2800.00000000 109.00000000
-4064.00000000 -2832.00000000 109.00000000
-3856.00000000 -2832.00000000 122.00000000
-3856.00000000 -2800.00000000 122.00000000

0 420 -1 -1 3
-3856.00000000 -2800.00000000 122.00000000
-4064.00000000 -2800.00000000 109.00000000
-4064.00000000 -2592.00000000 37.50000000

0 421 -1 -2 3
-4064.00000000 -2592.00000000 37.50000000
-4064.00000000 -2800.00000000 109.00000000
-3856.00000000 -2800.00000000 122.00000000

0 135 -1 -1 3
-3888.00000000 -2800.00000000 -858.00000000
-3856.00000000 -2832.00000000 -858.00000000
-3856.00000000 -2800.00000000 -858.00000000

0 134 -1 -2 3
-3856.00000000 -2800.00000000 -858.00000000
-3856.00000000 -2832.00000000 -858.00000000
-3888.00000000 -2800.00000000 -858.00000000

0 135 -1 -1 3
-4064.00000000 -2496.00000000 -858.00000000
-3888.00000000 -2320.00000000 -858.00000000
-4064.00000000 -2320.00000000 -858.00000000

0 134 -1 -2 3
-4064.00000000 -2320.00000000 -858.00000000
-3888.00000000 -2320.00000000 -858.00000000
-4064.00000000 -2496.00000000 -858.00000000

0 135 -1 -1 5
-4064.00000000 -2624.00000000 -858.00000000
-3888.00000000 -2800.00000000 -858.00000000
-3856.00000000 -2800.00000000 -858.00000000
-3856.00000000 -2576.00000000 -858.00000000
-4064.00000000 -2576.00000000 -858.00000000

0 134 -1 -2 5
-4064.00000000 -2576.00000000 -858.00000000
-3856.00000000 -2576.00000000 -858.00000000
-3856.00000000 -2800.00000000 -858.00000000
-3888.00000000 -2800.00000000 -858.00000000
-4064.00000000 -2624.00000000 -858.00000000

0 460 -1 -1 3
-4064.00000000 -2320.00000000 34.00000000
-3880.88888889 -2320.00000000 34.00000000
-4064.00000000 -2503.11111111 22.55555556

0 461 -1 -2 3
-4064.00000000 -2503.11111111 22.55555556
-3880.88888889 -2320.00000000 34.00000000
-4064.00000000 -2320.00000000 34.00000000

0 410 -1 -1 4
-4064.00000000 -2544.00000000 31.50000000
-3856.00000000 -2544.00000000 90.00000000
-3856.00000000 -2800.00000000 122.00000000
-4064.00000000 -2592.00000000 37.50000000

0 411 -1 -2 4
-4064.00000000 -2592.00000000 37.50000000
-3856.00000000 -2800.00000000 122.00000000
-3856.00000000 -2544.00000000 90.00000000
-4064.00000000 -2544.00000000 31.50000000

0 135 -1 -1 3
-4064.00000000 -2240.00000000 -858.00000000
-3888.00000000 -2064.00000000 -858.00000000
-4064.00000000 -2064.00000000 -858.00000000

0 134 -1 -2 3
-4064.00000000 -2064.00000000 -858.00000000
-3888.00000000 -2064.00000000 -858.00000000
-4064.00000000 -2240.00000000 -858.00000000

0 135 -1 -1 4
-4064.00000000 -2576.00000000 -858.00000000
-3856.00000000 -2576.00000000 -858.00000000
-3856.00000000 -2544.00000000 -858.00000000
-4064.00000000 -2544.00000000 -858.00000000

0 134 -1 -2 4
-4064.00000000 -2544.00000000 -858.00000000
-3856.00000000 -2544.00000000 -858.00000000
-3856.00000000 -2576.00000000 -858.00000000
-4064.00000000 -2576.00000000 -858.00000000

0 520 -1 -1 3
-4064.00000000 -2032.00000000 -23.50000000
-3824.00000000 -2032.00000000 -46.00000000
-4064.00000000 -2272.00000000 29.00000000

0 521 -1 -2 3
-4064.00000000 -2272.00000000 29.00000000
-3824.00000000 -2032.00000000 -46.00000000
-4064.00000000 -2032.00000000 -23.50000000

0 135 -1 -1 5
-3888.00000000 -2320.00000000 -858.00000000
-4064.00000000 -2496.00000000 -858.00000000
-4064.00000000 -2544.00000000 -858.00000000
-3856.00000000 -2544.00000000 -858.00000000
-3856.00000000 -2320.00000000 -858.00000000

0 134 -1 -2 5
-3856.00000000 -2320.00000000 -858.00000000
-3856.00000000 -2544.00000000 -858.00000000
-4064.00000000 -2544.00000000 -858.00000000
-4064.00000000 -2496.00000000 -858.00000000
-3888.00000000 -2320.00000000 -858.00000000

0 510 -1 -1 3
-3856.00000000 -2288.00000000 34.00000000
-3856.00000000 -2544.00000000 90.00000000
-4055.11111111 -2544.00000000 34.00000000

0 511 -1 -2 3
-4055.11111111 -2544.00000000 34.00000000
-3856.00000000 -2544.00000000 90.00000000
-3856.00000000 -2288.00000000 34.00000000

0 135 -1 -1 3
-4064.00000000 -2064.00000000 -858.00000000
-3856.00000000 -2064.00000000 -858.00000000
-4064.00000000 -1856.00000000 -858.00000000

0 134 -1 -2 3
-4064.00000000 -1856.00000000 -858.00000000
-3856.00000000 -2064.00000000 -858.00000000
-4064.00000000 -2064.00000000 -858.00000000

0 510 -1 -1 4
-3880.88888889 -2320.00000000 34.00000000
-4055.11111111 -2544.00000000 34.00000000
-4064.00000000 -2544.00000000 31.50000000
-4064.00000000 -2503.11111111 22.55555556

0 511 -1 -2 4
-4064.00000000 -2503.11111111 22.55555556
-4064.00000000 -2544.00000000 31.50000000
-4055.11111111 -2544.00000000 34.00000000
-3880.88888889 -2320.00000000 34.00000000

0 560 -1 -1 3
-3824.00000000 -2032.00000000 -46.00000000
-4064.00000000 -2032.00000000 -23.50000000
-4064.00000000 -1972.00000000 -49.75000000

0 561 -1 -2 3
-4064.00000000 -1972.00000000 -49.75000000
-4064.00000000 -2032.00000000 -23.50000000
-3824.00000000 -2032.00000000 -46.00000000

0 560 -1 -1 3
-3856.00000000 -2024.00000000 -46.50000000
-4064.00000000 -1972.00000000 -49.75000000
-4064.00000000 -1816.00000000 -118.00000000

0 561 -1 -2 3
-4064.00000000 -1816.00000000 -118.00000000
-4064.00000000 -1972.00000000 -49.75000000
-3856.00000000 -2024.00000000 -46.50000000

0 464 -1 -1 4
-3880.88888889 -2320.00000000 34.00000000
-4064.00000000 -2320.00000000 34.00000000
-4064.00000000 -2288.00000000 34.00000000
-3856.00000000 -2288.00000000 34.00000000

0 465 -1 -2 4
-3856.00000000 -2288.00000000 34.00000000
-4064.00000000 -2288.00000000 34.00000000
-4064.00000000 -2320.00000000 34.00000000
-3880.88888889 -2320.00000000 34.00000000

0 135 -1 -1 4
-4064.00000000 -2320.00000000 -858.00000000
-3856.00000000 -2320.00000000 -858.00000000
-3856.00000000 -2288.00000000 -858.00000000
-4064.00000000 -2288.00000000 -858.00000000

0 134 -1 -2 4
-4064.00000000 -2288.00000000 -858.00000000
-3856.00000000 -2288.00000000 -858.00000000
-3856.00000000 -2320.00000000 -858.00000000
-4064.00000000 -2320.00000000 -858.00000000

0 135 -1 -1 5
-3888.00000000 -2064.00000000 -858.00000000
-4064.00000000 -2240.00000000 -858.00000000
-4064.00000000 -2288.00000000 -858.00000000
-3856.00000000 -2288.00000000 -858.00000000
-3856.00000000 -2064.00000000 -858.00000000

0 134 -1 -2 5
-3856.00000000 -2064.00000000 -858.00000000
-3856.00000000 -2288.00000000 -858.00000000
-4064.00000000 -2288.00000000 -858.00000000
-4064.00000000 -2240.00000000 -858.00000000
-3888.00000000 -2064.00000000 -858.00000000

0 522 -1 -1 4
-3856.00000000 -2288.00000000 34.00000000
-4064.00000000 -2288.00000000 34.00000000
-4064.00000000 -2272.00000000 29.00000000
-3856.00000000 -2064.00000000 -36.00000000

0 523 -1 -2 4
-3856.00000000 -2064.00000000 -36.00000000
-4064.00000000 -2272.00000000 29.00000000
-4064.00000000 -2288.00000000 34.00000000
-3856.00000000 -2288.00000000 34.00000000

0 135 -1 -1 3
-3888.00000000 -2032.00000000 -858.00000000
-3856.00000000 -2064.00000000 -858.00000000
-3856.00000000 -2032.00000000 -858.00000000

0 134 -1 -2 3
-3856.00000000 -2032.00000000 -858.00000000
-3856.00000000 -2064.00000000 -858.00000000
-3888.00000000 -2032.00000000 -858.00000000

0 135 -1 -1 5
-4064.00000000 -1856.00000000 -858.00000000
-3888.00000000 -2032.00000000 -858.00000000
-3856.00000000 -2032.00000000 -858.00000000
-3856.00000000 -1808.00000000 -858.00000000
-4064.00000000 -1808.00000000 -858.00000000

0 134 -1 -2 5
-4064.00000000 -1808.00000000 -858.00000000
-3856.00000000 -1808.00000000 -858.00000000
-3856.00000000 -2032.00000000 -858.00000000
-3888.00000000 -2032.00000000 -858.00000000
-4064.00000000 -1856.00000000 -858.00000000

0 640 -1 -1 4
-4064.00000000 -1776.00000000 -120.50000000
-3856.00000000 -1776.00000000 -62.00000000
-3856.00000000 -2024.00000000 -46.50000000
-4064.00000000 -1816.00000000 -118.00000000

0 641 -1 -2 4
-4064.00000000 -1816.00000000 -118.00000000
-3856.00000000 -2024.00000000 -46.50000000
-3856.00000000 -1776.00000000 -62.00000000
-4064.00000000 -1776.00000000 -120.50000000

0 135 -1 -1 3
-4064.00000000 -1728.00000000 -858.00000000
-3888.00000000 -1552.00000000 -858.00000000
-4064.00000000 -1552.00000000 -858.00000000

0 134 -1 -2 3
-4064.00000000 -1552.00000000 -858.00000000
-3888.00000000 -1552.00000000 -858.00000000
-4064.00000000 -1728.00000000 -858.00000000

0 658 -1 -1 3
-4064.00000000 -1552.00000000 -102.50000000
-3860.92307692 -1552.00000000 -210.38461538
-4064.00000000 -1755.07692308 -134.23076923

0 659 -1 -2 3
-4064.00000000 -1755.07692308 -134.23076923
-3860.92307692 -1552.00000000 -210.38461538
-4064.00000000 -1552.00000000 -102.50000000

0 135 -1 -1 3
-4064.00000000 -1552.00000000 -858.00000000
-3856.00000000 -1552.00000000 -858.00000000
-4064.00000000 -1344.00000000 -858.00000000

0 134 -1 -2 3
-4064.00000000 -1344.00000000 -858.00000000
-3856.00000000 -1552.00000000 -858.00000000
-4064.00000000 -1552.00000000 -858.00000000

0 686 -1 -1 3
-3860.92307692 -1552.00000000 -210.38461538
-3863.52941176 -1552.00000000 -209.00000000
-3856.00000000 -1546.43478261 -212.65217391

0 687 -1 -2 3
-3856.00000000 -1546.43478261 -212.65217391
-3863.52941176 -1552.00000000 -209.00000000
-3860.92307692 -1552.00000000 -210.38461538

0 686 -1 -1 4
-4064.00000000 -1312.00000000 -87.50000000
-3840.80000000 -1535.20000000 -220.02500000
-3863.52941176 -1552.00000000 -209.00000000
-4064.00000000 -1552.00000000 -102.50000000

0 687 -1 -2 4
-4064.00000000 -1552.00000000 -102.50000000
-3863.52941176 -1552.00000000 -209.00000000
-3840.80000000 -1535.20000000 -220.02500000
-4064.00000000 -1312.00000000 -87.50000000

0 135 -1 -1 4
-4064.00000000 -1808.00000000 -858.00000000
-3856.00000000 -1808.00000000 -858.00000000
-3856.00000000 -1776.00000000 -858.00000000
-4064.00000000 -1776.00000000 -858.00000000

0 134 -1 -2 4
-4064.00000000 -1776.00000000 -858.00000000
-3856.00000000 -1776.00000000 -858.00000000
-3856.00000000 -1808.00000000 -858.00000000
-4064.00000000 -1808.00000000 -858.00000000

0 135 -1 -1 5
-3888.00000000 -1552.00000000 -858.00000000
-4064.00000000 -1728.00000000 -858.00000000
-4064.00000000 -1776.00000000 -858.00000000
-3856.00000000 -1776.00000000 -858.00000000
-3856.00000000 -1552.00000000 -858.00000000

0 134 -1 -2 5
-3856.00000000 -1552.00000000 -858.00000000
-3856.00000000 -1776.00000000 -858.00000000
-4064.00000000 -1776.00000000 -858.00000000
-4064.00000000 -1728.00000000 -858.00000000
-3888.00000000 -1552.00000000 -858.00000000

0 648 -1 -1 4
-3856.00000000 -1776.00000000 -62.00000000
-4041.84615385 -1776.00000000 -114.26923077
-3860.92307692 -1552.00000000 -210.38461538
-3856.00000000 -1546.43478261 -212.65217391

0 649 -1 -2 4
-3856.00000000 -1546.43478261 -212.65217391
-3860.92307692 -1552.00000000 -210.38461538
-4041.84615385 -1776.00000000 -114.26923077
-3856.00000000 -1776.00000000 -62.00000000

0 648 -1 -1 4
-4041.84615385 -1776.00000000 -114.26923077
-4064.00000000 -1776.00000000 -120.50000000
-4064.00000000 -1755.07692308 -134.23076923
-3860.92307692 -1552.00000000 -210.38461538

0 649 -1 -2 4
-3860.92307692 -1552.00000000 -210.38461538
-4064.00000000 -1755.07692308 -134.23076923
-4064.00000000 -1776.00000000 -120.50000000
-4041.84615385 -1776.00000000 -114.26923077

0 135 -1 -1 3
-3888.00000000 -1520.00000000 -858.00000000
-3856.00000000 -1552.00000000 -858.00000000
-3856.00000000 -1520.00000000 -858.00000000

0 134 -1 -2 3
-3856.00000000 -1520.00000000 -858.00000000
-3856.00000000 -1552.00000000 -858.00000000
-3888.00000000 -1520.00000000 -858.00000000

0 135 -1 -1 5
-4064.00000000 -1344.00000000 -858.00000000
-3888.00000000 -1520.00000000 -858.00000000
-3856.00000000 -1520.00000000 -858.00000000
-3856.00000000 -1296.00000000 -858.00000000
-4064.00000000 -1296.00000000 -858.00000000

0 134 -1 -2 5
-4064.00000000 -1296.00000000 -858.00000000
-3856.00000000 -1296.00000000 -858.00000000
-3856.00000000 -1520.00000000 -858.00000000
-3888.00000000 -1520.00000000 -858.00000000
-4064.00000000 -1344.00000000 -858.00000000

0 768 -1 -1 6
-4064.00000000 -1296.00000000 -85.00000000
-3824.00000000 -1296.00000000 -190.00000000
-3824.00000000 -1525.33333333 -225.83333333
-3824.33333333 -1526.33333333 -225.84375000
-3840.80000000 -1535.20000000 -220.02500000
-4064.00000000 -1312.00000000 -87.50000000

0 769 -1 -2 6
-4064.00000000 -1312.00000000 -87.50000000
-3840.80000000 -1535.20000000 -220.02500000
-3824.33333333 -1526.33333333 -225.84375000
-3824.00000000 -1525.33333333 -225.83333333
-3824.00000000 -1296.00000000 -190.00000000
-4064.00000000 -1296.00000000 -85.00000000

0 135 -1 -1 3
-4064.00000000 -1296.00000000 -858.00000000
-3856.00000000 -1296.00000000 -858.00000000
-4064.00000000 -1088.00000000 -858.00000000

0 134 -1 -2 3
-4064.00000000 -1088.00000000 -858.00000000
-3856.00000000 -1296.00000000 -858.00000000
-4064.00000000 -1296.00000000 -858.00000000

0 784 -1 -1 3
-4064.00000000 -1056.00000000 -40.00000000
-3824.00000000 -1296.00000000 -190.00000000
-4064.00000000 -1296.00000000 -85.00000000

0 785 -1 -2 3
-4064.00000000 -1296.00000000 -85.00000000
-3824.00000000 -1296.00000000 -190.00000000
-4064.00000000 -1056.00000000 -40.00000000

0 135 -1 -1 3
-3888.00000000 -1264.00000000 -858.00000000
-3856.00000000 -1296.00000000 -858.00000000
-3856.00000000 -1264.00000000 -858.00000000

0 134 -1 -2 3
-3856.00000000 -1264.00000000 -858.00000000
-3856.00000000 -1296.00000000 -858.00000000
-3888.00000000 -1264.00000000 -858.00000000

0 135 -1 -1 5
-4064.00000000 -1088.00000000 -858.00000000
-3888.00000000 -1264.00000000 -858.00000000
-3856.00000000 -1264.00000000 -858.00000000
-3856.00000000 -1040.00000000 -858.00000000
-4064.00000000 -1040.00000000 -858.00000000

0 134 -1 -2 5
-4064.00000000 -1040.00000000 -858.00000000
-3856.00000000 -1040.00000000 -858.00000000
-3856.00000000 -1264.00000000 -858.00000000
-3888.00000000 -1264.00000000 -858.00000000
-4064.00000000 -1088.00000000 -858.00000000

0 798 -1 -1 4
-4064.00000000 -1040.00000000 -35.50000000
-3824.00000000 -1040.00000000 -118.00000000
-3824.00000000 -1296.00000000 -190.00000000
-4064.00000000 -1056.00000000 -40.00000000

0 799 -1 -2 4
-4064.00000000 -1056.00000000 -40.00000000
-3824.00000000 -1296.00000000 -190.00000000
-3824.00000000 -1040.00000000 -118.00000000
-4064.00000000 -1040.00000000 -35.50000000

0 135 -1 -1 3
-4064.00000000 -1040.00000000 -858.00000000
-3856.00000000 -1040.00000000 -858.00000000
-4064.00000000 -832.00000000 -858.00000000

0 134 -1 -2 3
-4064.00000000 -832.00000000 -858.00000000
-3856.00000000 -1040.00000000 -858.00000000
-4064.00000000 -1040.00000000 -858.00000000

0 818 -1 -1 3
-4064.00000000 -800.00000000 39.50000000
-3824.00000000 -1040.00000000 -118.00000000
-4064.00000000 -1040.00000000 -35.50000000

0 819 -1 -2 3
-4064.00000000 -1040.00000000 -35.50000000
-3824.00000000 -1040.00000000 -118.00000000
-4064.00000000 -800.00000000 39.50000000

0 135 -1 -1 3
-3888.00000000 -1008.00000000 -858.00000000
-3856.00000000 -1040.00000000 -858.00000000
-3856.00000000 -1008.00000000 -858.00000000

0 134 -1 -2 3
-3856.00000000 -1008.00000000 -858.00000000
-3856.00000000 -1040.00000000 -858.00000000
-3888.00000000 -1008.00000000 -858.00000000

0 135 -1 -1 5
-4064.00000000 -832.00000000 -858.00000000
-3888.00000000 -1008.00000000 -858.00000000
-3856.00000000 -1008.00000000 -858.00000000
-3856.00000000 -784.00000000 -858.00000000
-4064.00000000 -784.00000000 -858.00000000

0 134 -1 -2 5
-4064.00000000 -784.00000000 -858.00000000
-3856.00000000 -784.00000000 -858.00000000
-3856.00000000 -1008.00000000 -858.00000000
-3888.00000000 -1008.00000000 -858.00000000
-4064.00000000 -832.00000000 -858.00000000

0 868 -1 -1 4
-4064.00000000 -784.00000000 45.50000000
-3824.00000000 -784.00000000 -22.00000000
-3824.00000000 -1040.00000000 -118.00000000
-4064.00000000 -800.00000000 39.50000000

0 869 -1 -2 4
-4064.00000000 -800.00000000 39.50000000
-3824.00000000 -1040.00000000 -118.00000000
-3824.00000000 -784.00000000 -22.00000000
-4064.00000000 -784.00000000 45.50000000

0 135 -1 -1 3
-4064.00000000 -784.00000000 -858.00000000
-3856.00000000 -784.00000000 -858.00000000
-4064.00000000 -576.00000000 -858.00000000

0 134 -1 -2 3
-4064.00000000 -576.00000000 -858.00000000
-3856.00000000 -784.00000000 -858.00000000
-4064.00000000 -784.00000000 -858.00000000

0 918 -1 -1 3
-4064.00000000 -544.00000000 158.00000000
-3824.00000000 -784.00000000 -22.00000000
-4064.00000000 -784.00000000 45.50000000

0 919 -1 -2 3
-4064.00000000 -784.00000000 45.50000000
-3824.00000000 -784.00000000 -22.00000000
-4064.00000000 -544.00000000 158.00000000

0 135 -1 -1 3
-3888.00000000 -752.00000000 -858.00000000
-3856.00000000 -784.00000000 -858.00000000
-3856.00000000 -752.00000000 -858.00000000

0 134 -1 -2 3
-3856.00000000 -752.00000000 -858.00000000
-3856.00000000 -784.00000000 -858.00000000
-3888.00000000 -752.00000000 -858.00000000

0 135 -1 -1 5
-4064.00000000 -576.00000000 -858.00000000
-3888.00000000 -752.00000000 -858.00000000
-3856.00000000 -752.00000000 -858.00000000
-3856.00000000 -528.00000000 -858.00000000
-4064.00000000 -528.00000000 -858.00000000

0 134 -1 -2 5
-4064.00000000 -528.00000000 -858.00000000
-3856.00000000 -528.00000000 -858.00000000
-3856.00000000 -752.00000000 -858.00000000
-3888.00000000 -752.00000000 -858.00000000
-4064.00000000 -576.00000000 -858.00000000

0 924 -1 -1 4
-4064.00000000 -528.00000000 167.00000000
-3824.00000000 -528.00000000 122.00000000
-3824.00000000 -784.00000000 -22.00000000
-4064.00000000 -544.00000000 158.00000000

0 925 -1 -2 4
-4064.00000000 -544.00000000 158.00000000
-3824.00000000 -784.00000000 -22.00000000
-3824.00000000 -528.00000000 122.00000000
-4064.00000000 -528.00000000 167.00000000

0 135 -1 -1 3
-4064.00000000 -448.00000000 -858.00000000
-3888.00000000 -272.00000000 -858.00000000
-4064.00000000 -272.00000000 -858.00000000

0 134 -1 -2 3
-4064.00000000 -272.00000000 -858.00000000
-3888.00000000 -272.00000000 -858.00000000
-4064.00000000 -448.00000000 -858.00000000

0 948 -1 -1 3
-4064.00000000 -272.00000000 302.00000000
-3824.00000000 -272.00000000 242.00000000
-4064.00000000 -512.00000000 174.50000000

0 949 -1 -2 3
-4064.00000000 -512.00000000 174.50000000
-3824.00000000 -272.00000000 242.00000000
-4064.00000000 -272.00000000 302.00000000

0 135 -1 -1 3
-4064.00000000 -272.00000000 -858.00000000
-3856.00000000 -272.00000000 -858.00000000
-4064.00000000 -64.00000000 -858.00000000

0 134 -1 -2 3
-4064.00000000 -64.00000000 -858.00000000
-3856.00000000 -272.00000000 -858.00000000
-4064.00000000 -272.00000000 -858.00000000

0 1048 -1 -1 3
-4064.00000000 -32.00000000 384.50000000
-3824.00000000 -272.00000000 242.00000000
-4064.00000000 -272.00000000 302.00000000

0 1049 -1 -2 3
-4064.00000000 -272.00000000 302.00000000
-3824.00000000 -272.00000000 242.00000000
-4064.00000000 -32.00000000 384.50000000

0 135 -1 -1 4
-4064.00000000 -528.00000000 -858.00000000
-3856.00000000 -528.00000000 -858.00000000
-3856.00000000 -496.00000000 -858.00000000
-4064.00000000 -496.00000000 -858.00000000

0 134 -1 -2 4
-4064.00000000 -496.00000000 -858.00000000
-3856.00000000 -496.00000000 -858.00000000
-3856.00000000 -528.00000000 -858.00000000
-4064.00000000 -528.00000000 -858.00000000

0 135 -1 -1 5
-3888.00000000 -272.00000000 -858.00000000
-4064.00000000 -448.00000000 -858.00000000
-4064.00000000 -496.00000000 -858.00000000
-3856.00000000 -496.00000000 -858.00000000
-3856.00000000 -272.00000000 -858.00000000

0 134 -1 -2 5
-3856.00000000 -272.00000000 -858.00000000
-3856.00000000 -496.00000000 -858.00000000
-4064.00000000 -496.00000000 -858.00000000
-4064.00000000 -448.00000000 -858.00000000
-3888.00000000 -272.00000000 -858.00000000

0 1004 -1 -1 4
-3824.00000000 -272.00000000 242.00000000
-3824.00000000 -528.00000000 122.00000000
-4064.00000000 -528.00000000 167.00000000
-4064.00000000 -512.00000000 174.50000000

0 1005 -1 -2 4
-4064.00000000 -512.00000000 174.50000000
-4064.00000000 -528.00000000 167.00000000
-3824.00000000 -528.00000000 122.00000000
-3824.00000000 -272.00000000 242.00000000

0 135 -1 -1 3
-3888.00000000 -240.00000000 -858.00000000
-3856.00000000 -272.00000000 -858.00000000
-3856.00000000 -240.00000000 -858.00000000

0 134 -1 -2 3
-3856.00000000 -240.00000000 -858.00000000
-3856.00000000 -272.00000000 -858.00000000
-3888.00000000 -240.00000000 -858.00000000

0 135 -1 -1 5
-4064.00000000 -64.00000000 -858.00000000
-3888.00000000 -240.00000000 -858.00000000
-3856.00000000 -240.00000000 -858.00000000
-3856.00000000 -16.00000000 -858.00000000
-4064.00000000 -16.00000000 -858.00000000

0 134 -1 -2 5
-4064.00000000 -16.00000000 -858.00000000
-3856.00000000 -16.00000000 -858.00000000
-3856.00000000 -240.00000000 -858.00000000
-3888.00000000 -240.00000000 -858.00000000
-4064.00000000 -64.00000000 -858.00000000

0 1062 -1 -1 4
-4064.00000000 -16.00000000 391.00000000
-3824.00000000 -16.00000000 346.00000000
-3824.00000000 -272.00000000 242.00000000
-4064.00000000 -32.00000000 384.50000000

0 1063 -1 -2 4
-4064.00000000 -32.00000000 384.50000000
-3824.00000000 -272.00000000 242.00000000
-3824.00000000 -16.00000000 346.00000000
-4064.00000000 -16.00000000 391.00000000

0 135 -1 -1 3
-4064.00000000 64.00000000 -858.00000000
-3888.00000000 240.00000000 -858.00000000
-4064.00000000 240.00000000 -858.00000000

0 134 -1 -2 3
-4064.00000000 240.00000000 -858.00000000
-3888.00000000 240.00000000 -858.00000000
-4064.00000000 64.00000000 -858.00000000

0 1098 -1 -1 3
-4064.00000000 240.00000000 430.50000000
-3824.00000000 240.00000000 378.00000000
-4064.00000000 -0.00000000 393.00000000

0 1099 -1 -2 3
-4064.00000000 -0.00000000 393.00000000
-3824.00000000 240.00000000 378.00000000
-4064.00000000 240.00000000 430.50000000

0 135 -1 -1 3
-4064.00000000 240.00000000 -858.00000000
-3856.00000000 240.00000000 -858.00000000
-4064.00000000 448.00000000 -858.00000000

0 134 -1 -2 3
-4064.00000000 448.00000000 -858.00000000
-3856.00000000 240.00000000 -858.00000000
-4064.00000000 240.00000000 -858.00000000

0 1168 -1 -1 3
-4064.00000000 480.00000000 445.50000000
-3824.00000000 240.00000000 378.00000000
-4064.00000000 240.00000000 430.50000000

0 1169 -1 -2 3
-4064.00000000 240.00000000 430.50000000
-3824.00000000 240.00000000 378.00000000
-4064.00000000 480.00000000 445.50000000

0 135 -1 -1 4
-4064.00000000 -16.00000000 -858.00000000
-3856.00000000 -16.00000000 -858.00000000
-3856.00000000 16.00000000 -858.00000000
-4064.00000000 16.00000000 -858.00000000

0 134 -1 -2 4
-4064.00000000 16.00000000 -858.00000000
-3856.00000000 16.00000000 -858.00000000
-3856.00000000 -16.00000000 -858.00000000
-4064.00000000 -16.00000000 -858.00000000

0 135 -1 -1 5
-3888.00000000 240.00000000 -858.00000000
-4064.00000000 64.00000000 -858.00000000
-4064.00000000 16.00000000 -858.00000000
-3856.00000000 16.00000000 -858.00000000
-3856.00000000 240.00000000 -858.00000000

0 134 -1 -2 5
-3856.00000000 240.00000000 -858.00000000
-3856.00000000 16.00000000 -858.00000000
-4064.00000000 16.00000000 -858.00000000
-4064.00000000 64.00000000 -858.00000000
-3888.00000000 240.00000000 -858.00000000

0 1130 -1 -1 4
-4064.00000000 0.00000000 393.00000000
-3824.00000000 240.00000000 378.00000000
-3824.00000000 -16.00000000 346.00000000
-4064.00000000 -16.00000000 391.00000000

0 1131 -1 -2 4
-4064.00000000 -16.00000000 391.00000000
-3824.00000000 -16.00000000 346.00000000
-3824.00000000 240.00000000 378.00000000
-4064.00000000 0.00000000 393.00000000

0 135 -1 -1 3
-3888.00000000 272.00000000 -858.00000000
-3856.00000000 240.00000000 -858.00000000
-3856.00000000 272.00000000 -858.00000000

0 134 -1 -2 3
-3856.00000000 272.00000000 -858.00000000
-3856.00000000 240.00000000 -858.00000000
-3888.00000000 272.00000000 -858.00000000

0 135 -1 -1 5
-4064.00000000 448.00000000 -858.00000000
-3888.00000000 272.00000000 -858.00000000
-3856.00000000 272.00000000 -858.00000000
-3856.00000000 496.00000000 -858.00000000
-4064.00000000 496.00000000 -858.00000000

0 134 -1 -2 5
-4064.00000000 496.00000000 -858.00000000
-3856.00000000 496.00000000 -858.00000000
-3856.00000000 272.00000000 -858.00000000
-3888.00000000 272.00000000 -858.00000000
-4064.00000000 448.00000000 -858.00000000

0 1168 -1 -1 4
-4064.00000000 496.00000000 446.50000000
-3824.00000000 496.00000000 394.00000000
-3824.00000000 240.00000000 378.00000000
-4064.00000000 480.00000000 445.50000000

0 1169 -1 -2 4
-4064.00000000 480.00000000 445.50000000
-3824.00000000 240.00000000 378.00000000
-3824.00000000 496.00000000 394.00000000
-4064.00000000 496.00000000 446.50000000

0 135 -1 -1 3
-4064.00000000 496.00000000 -858.00000000
-3856.00000000 496.00000000 -858.00000000
-4064.00000000 704.00000000 -858.00000000

0 134 -1 -2 3
-4064.00000000 704.00000000 -858.00000000
-3856.00000000 496.00000000 -858.00000000
-4064.00000000 496.00000000 -858.00000000

0 1178 -1 -1 4
-4064.00000000 528.00000000 446.50000000
-3840.00000000 528.00000000 397.50000000
-3824.00000000 496.00000000 394.00000000
-4064.00000000 496.00000000 446.50000000

0 1179 -1 -2 4
-4064.00000000 496.00000000 446.50000000
-3824.00000000 496.00000000 394.00000000
-3840.00000000 528.00000000 397.50000000
-4064.00000000 528.00000000 446.50000000

0 1206 -1 -1 3
-3840.00000000 528.00000000 397.50000000
-4064.00000000 528.00000000 446.50000000
-4064.00000000 752.00000000 439.50000000

0 1207 -1 -2 3
-4064.00000000 752.00000000 439.50000000
-4064.00000000 528.00000000 446.50000000
-3840.00000000 528.00000000 397.50000000

0 135 -1 -1 3
-3888.00000000 528.00000000 -858.00000000
-3856.00000000 496.00000000 -858.00000000
-3856.00000000 528.00000000 -858.00000000

0 134 -1 -2 3
-3856.00000000 528.00000000 -858.00000000
-3856.00000000 496.00000000 -858.00000000
-3888.00000000 528.00000000 -858.00000000

0 135 -1 -1 5
-4064.00000000 704.00000000 -858.00000000
-3888.00000000 528.00000000 -858.00000000
-3856.00000000 528.00000000 -858.00000000
-3856.00000000 752.00000000 -858.00000000
-4064.00000000 752.00000000 -858.00000000

0 134 -1 -2 5
-4064.00000000 752.00000000 -858.00000000
-3856.00000000 752.00000000 -858.00000000
-3856.00000000 528.00000000 -858.00000000
-3888.00000000 528.00000000 -858.00000000
-4064.00000000 704.00000000 -858.00000000

0 1248 -1 -1 3
-3824.00000000 528.00000000 395.00000000
-3824.00000000 496.00000000 394.00000000
-3840.00000000 528.00000000 397.50000000

0 1249 -1 -2 3
-3840.00000000 528.00000000 397.50000000
-3824.00000000 496.00000000 394.00000000
-3824.00000000 528.00000000 395.00000000

0 1248 -1 -1 5
-4064.00000000 752.00000000 439.50000000
-3829.33333333 752.00000000 402.83333333
-3824.00000000 749.09090909 401.90909091
-3824.00000000 528.00000000 395.00000000
-3840.00000000 528.00000000 397.50000000

0 1249 -1 -2 5
-3840.00000000 528.00000000 397.50000000
-3824.00000000 528.00000000 395.00000000
-3824.00000000 749.09090909 401.90909091
-3829.33333333 752.00000000 402.83333333
-4064.00000000 752.00000000 439.50000000

0 135 -1 -1 3
-4064.00000000 752.00000000 -858.00000000
-3856.00000000 752.00000000 -858.00000000
-4064.00000000 960.00000000 -858.00000000

0 134 -1 -2 3
-4064.00000000 960.00000000 -858.00000000
-3856.00000000 752.00000000 -858.00000000
-4064.00000000 752.00000000 -858.00000000

0 1252 -1 -1 5
-4064.00000000 784.00000000 439.50000000
-3849.60000000 784.00000000 406.00000000
-3829.33333333 758.66666667 402.83333333
-3829.33333333 752.00000000 402.83333333
-4064.00000000 752.00000000 439.50000000

0 1253 -1 -2 5
-4064.00000000 752.00000000 439.50000000
-3829.33333333 752.00000000 402.83333333
-3829.33333333 758.66666667 402.83333333
-3849.60000000 784.00000000 406.00000000
-4064.00000000 784.00000000 439.50000000

0 1294 -1 -1 3
-3849.60000000 784.00000000 406.00000000
-4064.00000000 784.00000000 439.50000000
-4064.00000000 881.45454545 418.18181818

0 1295 -1 -2 3
-4064.00000000 881.45454545 418.18181818
-4064.00000000 784.00000000 439.50000000
-3849.60000000 784.00000000 406.00000000

0 1294 -1 -1 3
-3856.00000000 786.90909091 406.36363636
-4064.00000000 881.45454545 418.18181818
-4064.00000000 994.90909091 393.36363636

0 1295 -1 -2 3
-4064.00000000 994.90909091 393.36363636
-4064.00000000 881.45454545 418.18181818
-3856.00000000 786.90909091 406.36363636

0 135 -1 -1 3
-3888.00000000 784.00000000 -858.00000000
-3856.00000000 752.00000000 -858.00000000
-3856.00000000 784.00000000 -858.00000000

0 134 -1 -2 3
-3856.00000000 784.00000000 -858.00000000
-3856.00000000 752.00000000 -858.00000000
-3888.00000000 784.00000000 -858.00000000

0 135 -1 -1 5
-4064.00000000 960.00000000 -858.00000000
-3888.00000000 784.00000000 -858.00000000
-3856.00000000 784.00000000 -858.00000000
-3856.00000000 1008.00000000 -858.00000000
-4064.00000000 1008.00000000 -858.00000000

0 134 -1 -2 5
-4064.00000000 1008.00000000 -858.00000000
-3856.00000000 1008.00000000 -858.00000000
-3856.00000000 784.00000000 -858.00000000
-3888.00000000 784.00000000 -858.00000000
-4064.00000000 960.00000000 -858.00000000

0 1288 -1 -1 4
-3856.00000000 1008.00000000 434.00000000
-3856.00000000 786.90909091 406.36363636
-4064.00000000 994.90909091 393.36363636
-4064.00000000 1008.00000000 395.00000000

0 1289 -1 -2 4
-4064.00000000 1008.00000000 395.00000000
-4064.00000000 994.90909091 393.36363636
-3856.00000000 786.90909091 406.36363636
-3856.00000000 1008.00000000 434.00000000

0 135 -1 -1 3
-4064.00000000 1088.00000000 -858.00000000
-3888.00000000 1264.00000000 -858.00000000
-4064.00000000 1264.00000000 -858.00000000

0 134 -1 -2 3
-4064.00000000 1264.00000000 -858.00000000
-3888.00000000 1264.00000000 -858.00000000
-4064.00000000 1088.00000000 -858.00000000

0 1326 -1 -1 3
-4064.00000000 1264.00000000 485.00000000
-3833.60000000 1264.00000000 413.00000000
-4064.00000000 1120.00000000 426.50000000

0 1327 -1 -2 3
-4064.00000000 1120.00000000 426.50000000
-3833.60000000 1264.00000000 413.00000000
-4064.00000000 1264.00000000 485.00000000

0 1326 -1 -1 3
-4064.00000000 1042.00000000 394.81250000
-4064.00000000 1120.00000000 426.50000000
-3856.00000000 1250.00000000 414.31250000

0 1327 -1 -2 3
-3856.00000000 1250.00000000 414.31250000
-4064.00000000 1120.00000000 426.50000000
-4064.00000000 1042.00000000 394.81250000

0 135 -1 -1 3
-4064.00000000 1264.00000000 -858.00000000
