0 91 -1 -1 3
-4048.00000000 -3984.00000000 -872.00000000
-3936.00000000 -3872.00000000 -872.00000000
-4048.00000000 -3872.00000000 -872.00000000

0 90 -1 -2 3
-4048.00000000 -3872.00000000 -872.00000000
-3936.00000000 -3872.00000000 -872.00000000
-4048.00000000 -3984.00000000 -872.00000000

0 100 -1 -1 3
-3994.66666667 -4048.00000000 -279.33333333
-4019.20000000 -4048.00000000 -275.50000000
-3872.00000000 -3925.33333333 -256.33333333

0 101 -1 -2 3
-3872.00000000 -3925.33333333 -256.33333333
-4019.20000000 -4048.00000000 -275.50000000
-3994.66666667 -4048.00000000 -279.33333333

0 100 -1 -1 4
-4048.00000000 -3872.00000000 -210.50000000
-3842.90909091 -3872.00000000 -242.54545455
-3845.33333333 -3898.66666667 -251.33333333
-4048.00000000 -4043.42857143 -269.42857143

0 101 -1 -2 4
-4048.00000000 -4043.42857143 -269.42857143
-3845.33333333 -3898.66666667 -251.33333333
-3842.90909091 -3872.00000000 -242.54545455
-4048.00000000 -3872.00000000 -210.50000000

0 100 -1 -1 5
-3872.00000000 -3925.33333333 -256.33333333
-4019.20000000 -4048.00000000 -275.50000000
-4048.00000000 -4048.00000000 -271.00000000
-4048.00000000 -4043.42857143 -269.42857143
-3845.33333333 -3898.66666667 -251.33333333

0 101 -1 -2 5
-3845.33333333 -3898.66666667 -251.33333333
-4048.00000000 -4043.42857143 -269.42857143
-4048.00000000 -4048.00000000 -271.00000000
-4019.20000000 -4048.00000000 -275.50000000
-3872.00000000 -3925.33333333 -256.33333333

0 91 -1 -1 5
-3936.00000000 -3872.00000000 -872.00000000
-4048.00000000 -3984.00000000 -872.00000000
-4048.00000000 -4048.00000000 -872.00000000
-3872.00000000 -4048.00000000 -872.00000000
-3872.00000000 -3872.00000000 -872.00000000

0 90 -1 -2 5
-3872.00000000 -3872.00000000 -872.00000000
-3872.00000000 -4048.00000000 -872.00000000
-4048.00000000 -4048.00000000 -872.00000000
-4048.00000000 -3984.00000000 -872.00000000
-3936.00000000 -3872.00000000 -872.00000000

0 80 -1 -1 3
-3872.00000000 -3925.33333333 -256.33333333
-3872.00000000 -4048.00000000 -275.50000000
-3994.66666667 -4048.00000000 -279.33333333

0 81 -1 -2 3
-3994.66666667 -4048.00000000 -279.33333333
-3872.00000000 -4048.00000000 -275.50000000
-3872.00000000 -3925.33333333 -256.33333333

0 91 -1 -1 3
-4048.00000000 -3872.00000000 -872.00000000
-3872.00000000 -3872.00000000 -872.00000000
-4048.00000000 -3696.00000000 -872.00000000

0 90 -1 -2 3
-4048.00000000 -3696.00000000 -872.00000000
-3872.00000000 -3872.00000000 -872.00000000
-4048.00000000 -3872.00000000 -872.00000000

0 104 -1 -1 4
-3842.90909091 -3872.00000000 -242.54545455
-4048.00000000 -3872.00000000 -210.50000000
-4048.00000000 -3672.00000000 -160.50000000
-3834.79069767 -3849.67441860 -238.23255814

0 105 -1 -2 4
-3834.79069767 -3849.67441860 -238.23255814
-4048.00000000 -3672.00000000 -160.50000000
-4048.00000000 -3872.00000000 -210.50000000
-3842.90909091 -3872.00000000 -242.54545455

0 104 -1 -1 3
-3872.00000000 -3818.66666667 -224.66666667
-4048.00000000 -3672.00000000 -160.50000000
-4048.00000000 -3642.66666667 -153.16666667

0 105 -1 -2 3
-4048.00000000 -3642.66666667 -153.16666667
-4048.00000000 -3672.00000000 -160.50000000
-3872.00000000 -3818.66666667 -224.66666667

0 91 -1 -1 3
-3936.00000000 -3808.00000000 -872.00000000
-3872.00000000 -3872.00000000 -872.00000000
-3872.00000000 -3808.00000000 -872.00000000

0 90 -1 -2 3
-3872.00000000 -3808.00000000 -872.00000000
-3872.00000000 -3872.00000000 -872.00000000
-3936.00000000 -3808.00000000 -872.00000000

0 91 -1 -1 5
-4048.00000000 -3696.00000000 -872.00000000
-3936.00000000 -3808.00000000 -872.00000000
-3872.00000000 -3808.00000000 -872.00000000
-3872.00000000 -3616.00000000 -872.00000000
-4048.00000000 -3616.00000000 -872.00000000

0 90 -1 -2 5
-4048.00000000 -3616.00000000 -872.00000000
-3872.00000000 -3616.00000000 -872.00000000
-3872.00000000 -3808.00000000 -872.00000000
-3936.00000000 -3808.00000000 -872.00000000
-4048.00000000 -3696.00000000 -872.00000000

0 122 -1 -1 4
-3872.00000000 -3616.00000000 -136.00000000
-3872.00000000 -3818.66666667 -224.66666667
-4048.00000000 -3642.66666667 -153.16666667
-4048.00000000 -3616.00000000 -141.50000000

0 123 -1 -2 4
-4048.00000000 -3616.00000000 -141.50000000
-4048.00000000 -3642.66666667 -153.16666667
-3872.00000000 -3818.66666667 -224.66666667
-3872.00000000 -3616.00000000 -136.00000000

0 91 -1 -1 3
-4048.00000000 -3616.00000000 -872.00000000
-3872.00000000 -3616.00000000 -872.00000000
-4048.00000000 -3440.00000000 -872.00000000

0 90 -1 -2 3
-4048.00000000 -3440.00000000 -872.00000000
-3872.00000000 -3616.00000000 -872.00000000
-4048.00000000 -3616.00000000 -872.00000000

0 204 -1 -1 3
-4048.00000000 -3440.00000000 -97.50000000
-3872.00000000 -3616.00000000 -136.00000000
-4048.00000000 -3616.00000000 -141.50000000

0 205 -1 -2 3
-4048.00000000 -3616.00000000 -141.50000000
-3872.00000000 -3616.00000000 -136.00000000
-4048.00000000 -3440.00000000 -97.50000000

0 91 -1 -1 3
-3936.00000000 -3552.00000000 -872.00000000
-3872.00000000 -3616.00000000 -872.00000000
-3872.00000000 -3552.00000000 -872.00000000

0 90 -1 -2 3
-3872.00000000 -3552.00000000 -872.00000000
-3872.00000000 -3616.00000000 -872.00000000
-3936.00000000 -3552.00000000 -872.00000000

0 91 -1 -1 5
-4048.00000000 -3440.00000000 -872.00000000
-3936.00000000 -3552.00000000 -872.00000000
-3872.00000000 -3552.00000000 -872.00000000
-3872.00000000 -3360.00000000 -872.00000000
-4048.00000000 -3360.00000000 -872.00000000

0 90 -1 -2 5
-4048.00000000 -3360.00000000 -872.00000000
-3872.00000000 -3360.00000000 -872.00000000
-3872.00000000 -3552.00000000 -872.00000000
-3936.00000000 -3552.00000000 -872.00000000
-4048.00000000 -3440.00000000 -872.00000000

0 250 -1 -1 4
-3872.00000000 -3360.00000000 -64.00000000
-3872.00000000 -3616.00000000 -136.00000000
-4048.00000000 -3440.00000000 -97.50000000
-4048.00000000 -3360.00000000 -75.00000000

0 251 -1 -2 4
-4048.00000000 -3360.00000000 -75.00000000
-4048.00000000 -3440.00000000 -97.50000000
-3872.00000000 -3616.00000000 -136.00000000
-3872.00000000 -3360.00000000 -64.00000000

0 91 -1 -1 3
-4048.00000000 -3216.00000000 -872.00000000
-3936.00000000 -3104.00000000 -872.00000000
-4048.00000000 -3104.00000000 -872.00000000

0 90 -1 -2 3
-4048.00000000 -3104.00000000 -872.00000000
-3936.00000000 -3104.00000000 -872.00000000
-4048.00000000 -3216.00000000 -872.00000000

0 238 -1 -1 3
-4048.00000000 -3104.00000000 56.00000000
-3872.00000000 -3104.00000000 56.00000000
-4048.00000000 -3280.00000000 -37.50000000

0 239 -1 -2 3
-4048.00000000 -3280.00000000 -37.50000000
-3872.00000000 -3104.00000000 56.00000000
-4048.00000000 -3104.00000000 56.00000000

0 91 -1 -1 4
-4048.00000000 -3360.00000000 -872.00000000
-3872.00000000 -3360.00000000 -872.00000000
-3872.00000000 -3296.00000000 -872.00000000
-4048.00000000 -3296.00000000 -872.00000000

0 90 -1 -2 4
-4048.00000000 -3296.00000000 -872.00000000
-3872.00000000 -3296.00000000 -872.00000000
-3872.00000000 -3360.00000000 -872.00000000
-4048.00000000 -3360.00000000 -872.00000000

0 91 -1 -1 5
-3936.00000000 -3104.00000000 -872.00000000
-4048.00000000 -3216.00000000 -872.00000000
-4048.00000000 -3296.00000000 -872.00000000
-3872.00000000 -3296.00000000 -872.00000000
-3872.00000000 -3104.00000000 -872.00000000

0 90 -1 -2 5
-3872.00000000 -3104.00000000 -872.00000000
-3872.00000000 -3296.00000000 -872.00000000
-4048.00000000 -3296.00000000 -872.00000000
-4048.00000000 -3216.00000000 -872.00000000
-3936.00000000 -3104.00000000 -872.00000000

0 262 -1 -1 4
-3872.00000000 -3104.00000000 56.00000000
-3872.00000000 -3360.00000000 -64.00000000
-4048.00000000 -3360.00000000 -75.00000000
-4048.00000000 -3280.00000000 -37.50000000

0 263 -1 -2 4
-4048.00000000 -3280.00000000 -37.50000000
-4048.00000000 -3360.00000000 -75.00000000
-3872.00000000 -3360.00000000 -64.00000000
-3872.00000000 -3104.00000000 56.00000000

0 91 -1 -1 3
-4048.00000000 -3104.00000000 -872.00000000
-3872.00000000 -3104.00000000 -872.00000000
-4048.00000000 -2928.00000000 -872.00000000

0 90 -1 -2 3
-4048.00000000 -2928.00000000 -872.00000000
-3872.00000000 -3104.00000000 -872.00000000
-4048.00000000 -3104.00000000 -872.00000000

0 296 -1 -1 3
-3872.00000000 -3104.00000000 56.00000000
-4048.00000000 -3104.00000000 56.00000000
-4048.00000000 -2928.00000000 100.00000000

0 297 -1 -2 3
-4048.00000000 -2928.00000000 100.00000000
-4048.00000000 -3104.00000000 56.00000000
-3872.00000000 -3104.00000000 56.00000000

0 91 -1 -1 3
-3936.00000000 -3040.00000000 -872.00000000
-3872.00000000 -3104.00000000 -872.00000000
-3872.00000000 -3040.00000000 -872.00000000

0 90 -1 -2 3
-3872.00000000 -3040.00000000 -872.00000000
-3872.00000000 -3104.00000000 -872.00000000
-3936.00000000 -3040.00000000 -872.00000000

0 91 -1 -1 5
-4048.00000000 -2928.00000000 -872.00000000
-3936.00000000 -3040.00000000 -872.00000000
-3872.00000000 -3040.00000000 -872.00000000
-3872.00000000 -2848.00000000 -872.00000000
-4048.00000000 -2848.00000000 -872.00000000

0 90 -1 -2 5
-4048.00000000 -2848.00000000 -872.00000000
-3872.00000000 -2848.00000000 -872.00000000
-3872.00000000 -3040.00000000 -872.00000000
-3936.00000000 -3040.00000000 -872.00000000
-4048.00000000 -2928.00000000 -872.00000000

0 356 -1 -1 4
-3872.00000000 -2848.00000000 136.00000000
-3872.00000000 -3104.00000000 56.00000000
-4048.00000000 -2928.00000000 100.00000000
-4048.00000000 -2848.00000000 125.00000000

0 357 -1 -2 4
-4048.00000000 -2848.00000000 125.00000000
-4048.00000000 -2928.00000000 100.00000000
-3872.00000000 -3104.00000000 56.00000000
-3872.00000000 -2848.00000000 136.00000000

0 91 -1 -1 3
-4048.00000000 -2848.00000000 -872.00000000
-3872.00000000 -2848.00000000 -872.00000000
-4048.00000000 -2672.00000000 -872.00000000

0 90 -1 -2 3
-4048.00000000 -2672.00000000 -872.00000000
-3872.00000000 -2848.00000000 -872.00000000
-4048.00000000 -2848.00000000 -872.00000000

0 91 -1 -1 3
-3936.00000000 -2784.00000000 -872.00000000
-3872.00000000 -2848.00000000 -872.00000000
-3872.00000000 -2784.00000000 -872.00000000

0 358 -1 -1 4
-3872.00000000 -2784.00000000 136.00000000
-3872.00000000 -2848.00000000 136.00000000
-4048.00000000 -2848.00000000 125.00000000
-4048.00000000 -2784.00000000 125.00000000

0 359 -1 -2 4
-4048.00000000 -2784.00000000 125.00000000
-4048.00000000 -2848.00000000 125.00000000
-3872.00000000 -2848.00000000 136.00000000
-3872.00000000 -2784.00000000 136.00000000

0 90 -1 -2 3
-3872.00000000 -2784.00000000 -872.00000000
-3872.00000000 -2848.00000000 -872.00000000
-3936.00000000 -2784.00000000 -872.00000000

0 91 -1 -1 5
-4048.00000000 -2672.00000000 -872.00000000
-3936.00000000 -2784.00000000 -872.00000000
-3872.00000000 -2784.00000000 -872.00000000
-3872.00000000 -2592.00000000 -872.00000000
-4048.00000000 -2592.00000000 -872.00000000

0 90 -1 -2 5
-4048.00000000 -2592.00000000 -872.00000000
-3872.00000000 -2592.00000000 -872.00000000
-3872.00000000 -2784.00000000 -872.00000000
-3936.00000000 -2784.00000000 -872.00000000
-4048.00000000 -2672.00000000 -872.00000000

0 91 -1 -1 3
-4048.00000000 -2448.00000000 -872.00000000
-3936.00000000 -2336.00000000 -872.00000000
-4048.00000000 -2336.00000000 -872.00000000

0 90 -1 -2 3
-4048.00000000 -2336.00000000 -872.00000000
-3936.00000000 -2336.00000000 -872.00000000
-4048.00000000 -2448.00000000 -872.00000000

0 384 -1 -1 3
-3872.00000000 -2784.00000000 136.00000000
-4048.00000000 -2784.00000000 125.00000000
-4048.00000000 -2608.00000000 64.50000000

0 385 -1 -2 3
-4048.00000000 -2608.00000000 64.50000000
-4048.00000000 -2784.00000000 125.00000000
-3872.00000000 -2784.00000000 136.00000000

0 372 -1 -1 4
-4048.00000000 -2528.00000000 54.50000000
-3872.00000000 -2528.00000000 104.00000000
-3872.00000000 -2784.00000000 136.00000000
-4048.00000000 -2608.00000000 64.50000000

0 373 -1 -2 4
-4048.00000000 -2608.00000000 64.50000000
-3872.00000000 -2784.00000000 136.00000000
-3872.00000000 -2528.00000000 104.00000000
-4048.00000000 -2528.00000000 54.50000000

0 430 -1 -1 3
-4048.00000000 -2336.00000000 48.00000000
-3921.77777778 -2336.00000000 48.00000000
-4048.00000000 -2462.22222222 40.11111111

0 431 -1 -2 3
-4048.00000000 -2462.22222222 40.11111111
-3921.77777778 -2336.00000000 48.00000000
-4048.00000000 -2336.00000000 48.00000000

0 91 -1 -1 4
-4048.00000000 -2592.00000000 -872.00000000
-3872.00000000 -2592.00000000 -872.00000000
-3872.00000000 -2528.00000000 -872.00000000
-4048.00000000 -2528.00000000 -872.00000000

0 90 -1 -2 4
-4048.00000000 -2528.00000000 -872.00000000
-3872.00000000 -2528.00000000 -872.00000000
-3872.00000000 -2592.00000000 -872.00000000
-4048.00000000 -2592.00000000 -872.00000000

0 91 -1 -1 5
-3936.00000000 -2336.00000000 -872.00000000
-4048.00000000 -2448.00000000 -872.00000000
-4048.00000000 -2528.00000000 -872.00000000
-3872.00000000 -2528.00000000 -872.00000000
-3872.00000000 -2336.00000000 -872.00000000

0 90 -1 -2 5
-3872.00000000 -2336.00000000 -872.00000000
-3872.00000000 -2528.00000000 -872.00000000
-4048.00000000 -2528.00000000 -872.00000000
-4048.00000000 -2448.00000000 -872.00000000
-3936.00000000 -2336.00000000 -872.00000000

0 472 -1 -1 4
-3872.00000000 -2272.00000000 48.00000000
-3872.00000000 -2528.00000000 104.00000000
-4048.00000000 -2528.00000000 54.50000000
-4048.00000000 -2498.28571429 48.00000000

0 473 -1 -2 4
-4048.00000000 -2498.28571429 48.00000000
-4048.00000000 -2528.00000000 54.50000000
-3872.00000000 -2528.00000000 104.00000000
-3872.00000000 -2272.00000000 48.00000000

0 91 -1 -1 3
-4048.00000000 -2192.00000000 -872.00000000
-3936.00000000 -2080.00000000 -872.00000000
-4048.00000000 -2080.00000000 -872.00000000

0 472 -1 -1 3
-3921.77777778 -2336.00000000 48.00000000
-4048.00000000 -2498.28571429 48.00000000
-4048.00000000 -2462.22222222 40.11111111

0 473 -1 -2 3
-4048.00000000 -2462.22222222 40.11111111
-4048.00000000 -2498.28571429 48.00000000
-3921.77777778 -2336.00000000 48.00000000

0 90 -1 -2 3
-4048.00000000 -2080.00000000 -872.00000000
-3936.00000000 -2080.00000000 -872.00000000
-4048.00000000 -2192.00000000 -872.00000000

0 480 -1 -1 3
-4048.00000000 -2016.00000000 -9.50000000
-3808.00000000 -2016.00000000 -32.00000000
-4048.00000000 -2256.00000000 43.00000000

0 481 -1 -2 3
-4048.00000000 -2256.00000000 43.00000000
-3808.00000000 -2016.00000000 -32.00000000
-4048.00000000 -2016.00000000 -9.50000000

0 91 -1 -1 3
-4048.00000000 -2080.00000000 -872.00000000
-3872.00000000 -2080.00000000 -872.00000000
-4048.00000000 -1904.00000000 -872.00000000

0 90 -1 -2 3
-4048.00000000 -1904.00000000 -872.00000000
-3872.00000000 -2080.00000000 -872.00000000
-4048.00000000 -2080.00000000 -872.00000000

0 528 -1 -1 3
-3808.00000000 -2016.00000000 -32.00000000
-4048.00000000 -2016.00000000 -9.50000000
-4048.00000000 -1956.00000000 -35.75000000

0 529 -1 -2 3
-4048.00000000 -1956.00000000 -35.75000000
-4048.00000000 -2016.00000000 -9.50000000
-3808.00000000 -2016.00000000 -32.00000000

0 446 -1 -1 4
-3921.77777778 -2336.00000000 48.00000000
-4048.00000000 -2336.00000000 48.00000000
-4048.00000000 -2272.00000000 48.00000000
-3872.00000000 -2272.00000000 48.00000000

0 447 -1 -2 4
-3872.00000000 -2272.00000000 48.00000000
-4048.00000000 -2272.00000000 48.00000000
-4048.00000000 -2336.00000000 48.00000000
-3921.77777778 -2336.00000000 48.00000000

0 528 -1 -1 3
-3872.00000000 -2000.00000000 -33.00000000
-4048.00000000 -1956.00000000 -35.75000000
-4048.00000000 -1824.00000000 -93.50000000

0 529 -1 -2 3
-4048.00000000 -1824.00000000 -93.50000000
-4048.00000000 -1956.00000000 -35.75000000
-3872.00000000 -2000.00000000 -33.00000000

0 91 -1 -1 4
-4048.00000000 -2336.00000000 -872.00000000
-3872.00000000 -2336.00000000 -872.00000000
-3872.00000000 -2272.00000000 -872.00000000
-4048.00000000 -2272.00000000 -872.00000000

0 90 -1 -2 4
-4048.00000000 -2272.00000000 -872.00000000
-3872.00000000 -2272.00000000 -872.00000000
-3872.00000000 -2336.00000000 -872.00000000
-4048.00000000 -2336.00000000 -872.00000000

0 91 -1 -1 5
-3936.00000000 -2080.00000000 -872.00000000
-4048.00000000 -2192.00000000 -872.00000000
-4048.00000000 -2272.00000000 -872.00000000
-3872.00000000 -2272.00000000 -872.00000000
-3872.00000000 -2080.00000000 -872.00000000

0 90 -1 -2 5
-3872.00000000 -2080.00000000 -872.00000000
-3872.00000000 -2272.00000000 -872.00000000
-4048.00000000 -2272.00000000 -872.00000000
-4048.00000000 -2192.00000000 -872.00000000
-3936.00000000 -2080.00000000 -872.00000000

0 502 -1 -1 4
-3872.00000000 -2272.00000000 48.00000000
-4048.00000000 -2272.00000000 48.00000000
-4048.00000000 -2256.00000000 43.00000000
-3872.00000000 -2080.00000000 -12.00000000

0 503 -1 -2 4
-3872.00000000 -2080.00000000 -12.00000000
-4048.00000000 -2256.00000000 43.00000000
-4048.00000000 -2272.00000000 48.00000000
-3872.00000000 -2272.00000000 48.00000000

0 91 -1 -1 3
-3936.00000000 -2016.00000000 -872.00000000
-3872.00000000 -2080.00000000 -872.00000000
-3872.00000000 -2016.00000000 -872.00000000

0 90 -1 -2 3
-3872.00000000 -2016.00000000 -872.00000000
-3872.00000000 -2080.00000000 -872.00000000
-3936.00000000 -2016.00000000 -872.00000000

0 91 -1 -1 5
-4048.00000000 -1904.00000000 -872.00000000
-3936.00000000 -2016.00000000 -872.00000000
-3872.00000000 -2016.00000000 -872.00000000
-3872.00000000 -1824.00000000 -872.00000000
-4048.00000000 -1824.00000000 -872.00000000

0 90 -1 -2 5
-4048.00000000 -1824.00000000 -872.00000000
-3872.00000000 -1824.00000000 -872.00000000
-3872.00000000 -2016.00000000 -872.00000000
-3936.00000000 -2016.00000000 -872.00000000
-4048.00000000 -1904.00000000 -872.00000000

0 594 -1 -1 4
-4048.00000000 -1760.00000000 -97.50000000
-3872.00000000 -1760.00000000 -48.00000000
-3872.00000000 -2000.00000000 -33.00000000
-4048.00000000 -1824.00000000 -93.50000000

0 595 -1 -2 4
-4048.00000000 -1824.00000000 -93.50000000
-3872.00000000 -2000.00000000 -33.00000000
-3872.00000000 -1760.00000000 -48.00000000
-4048.00000000 -1760.00000000 -97.50000000

0 91 -1 -1 3
-4048.00000000 -1680.00000000 -872.00000000
-3936.00000000 -1568.00000000 -872.00000000
-4048.00000000 -1568.00000000 -872.00000000

0 90 -1 -2 3
-4048.00000000 -1568.00000000 -872.00000000
-3936.00000000 -1568.00000000 -872.00000000
-4048.00000000 -1680.00000000 -872.00000000

0 608 -1 -1 3
-4048.00000000 -1568.00000000 -88.50000000
-3881.84615385 -1568.00000000 -176.76923077
-4048.00000000 -1734.15384615 -114.46153846

0 609 -1 -2 3
-4048.00000000 -1734.15384615 -114.46153846
-3881.84615385 -1568.00000000 -176.76923077
-4048.00000000 -1568.00000000 -88.50000000

0 91 -1 -1 3
-4048.00000000 -1568.00000000 -872.00000000
-3872.00000000 -1568.00000000 -872.00000000
-4048.00000000 -1392.00000000 -872.00000000

0 90 -1 -2 3
-4048.00000000 -1392.00000000 -872.00000000
-3872.00000000 -1568.00000000 -872.00000000
-4048.00000000 -1568.00000000 -872.00000000

0 654 -1 -1 3
-3881.84615385 -1568.00000000 -176.76923077
-3887.05882353 -1568.00000000 -174.00000000
-3872.00000000 -1556.86956522 -181.30434783

0 655 -1 -2 3
-3872.00000000 -1556.86956522 -181.30434783
-3887.05882353 -1568.00000000 -174.00000000
-3881.84615385 -1568.00000000 -176.76923077

0 654 -1 -1 4
-4048.00000000 -1328.00000000 -73.50000000
-3841.60000000 -1534.40000000 -196.05000000
-3887.05882353 -1568.00000000 -174.00000000
-4048.00000000 -1568.00000000 -88.50000000

0 655 -1 -2 4
-4048.00000000 -1568.00000000 -88.50000000
-3887.05882353 -1568.00000000 -174.00000000
-3841.60000000 -1534.40000000 -196.05000000
-4048.00000000 -1328.00000000 -73.50000000

0 91 -1 -1 4
-4048.00000000 -1824.00000000 -872.00000000
-3872.00000000 -1824.00000000 -872.00000000
-3872.00000000 -1760.00000000 -872.00000000
-4048.00000000 -1760.00000000 -872.00000000

0 90 -1 -2 4
-4048.00000000 -1760.00000000 -872.00000000
-3872.00000000 -1760.00000000 -872.00000000
-3872.00000000 -1824.00000000 -872.00000000
-4048.00000000 -1824.00000000 -872.00000000

0 91 -1 -1 5
-3936.00000000 -1568.00000000 -872.00000000
-4048.00000000 -1680.00000000 -872.00000000
-4048.00000000 -1760.00000000 -872.00000000
-3872.00000000 -1760.00000000 -872.00000000
-3872.00000000 -1568.00000000 -872.00000000

0 90 -1 -2 5
-3872.00000000 -1568.00000000 -872.00000000
-3872.00000000 -1760.00000000 -872.00000000
-4048.00000000 -1760.00000000 -872.00000000
-4048.00000000 -1680.00000000 -872.00000000
-3936.00000000 -1568.00000000 -872.00000000

0 622 -1 -1 4
-3872.00000000 -1760.00000000 -48.00000000
-4036.92307692 -1760.00000000 -94.38461538
-3881.84615385 -1568.00000000 -176.76923077
-3872.00000000 -1556.86956522 -181.30434783

0 623 -1 -2 4
-3872.00000000 -1556.86956522 -181.30434783
-3881.84615385 -1568.00000000 -176.76923077
-4036.92307692 -1760.00000000 -94.38461538
-3872.00000000 -1760.00000000 -48.00000000

0 622 -1 -1 4
-4036.92307692 -1760.00000000 -94.38461538
-4048.00000000 -1760.00000000 -97.50000000
-4048.00000000 -1734.15384615 -114.46153846
-3881.84615385 -1568.00000000 -176.76923077

0 623 -1 -2 4
-3881.84615385 -1568.00000000 -176.76923077
-4048.00000000 -1734.15384615 -114.46153846
-4048.00000000 -1760.00000000 -97.50000000
-4036.92307692 -1760.00000000 -94.38461538

0 91 -1 -1 3
-3936.00000000 -1504.00000000 -872.00000000
-3872.00000000 -1568.00000000 -872.00000000
-3872.00000000 -1504.00000000 -872.00000000

0 90 -1 -2 3
-3872.00000000 -1504.00000000 -872.00000000
-3872.00000000 -1568.00000000 -872.00000000
-3936.00000000 -1504.00000000 -872.00000000

0 91 -1 -1 5
-4048.00000000 -1392.00000000 -872.00000000
-3936.00000000 -1504.00000000 -872.00000000
-3872.00000000 -1504.00000000 -872.00000000
-3872.00000000 -1312.00000000 -872.00000000
-4048.00000000 -1312.00000000 -872.00000000

0 90 -1 -2 5
-4048.00000000 -1312.00000000 -872.00000000
-3872.00000000 -1312.00000000 -872.00000000
-3872.00000000 -1504.00000000 -872.00000000
-3936.00000000 -1504.00000000 -872.00000000
-4048.00000000 -1392.00000000 -872.00000000

0 91 -1 -1 3
-4048.00000000 -1312.00000000 -872.00000000
-3872.00000000 -1312.00000000 -872.00000000
-4048.00000000 -1136.00000000 -872.00000000

0 90 -1 -2 3
-4048.00000000 -1136.00000000 -872.00000000
-3872.00000000 -1312.00000000 -872.00000000
-4048.00000000 -1312.00000000 -872.00000000

0 716 -1 -1 6
-4048.00000000 -1312.00000000 -71.00000000
-3808.00000000 -1312.00000000 -176.00000000
-3808.00000000 -1514.66666667 -207.66666667
-3808.66666667 -1516.66666667 -207.68750000
-3841.60000000 -1534.40000000 -196.05000000
-4048.00000000 -1328.00000000 -73.50000000

0 717 -1 -2 6
-4048.00000000 -1328.00000000 -73.50000000
-3841.60000000 -1534.40000000 -196.05000000
-3808.66666667 -1516.66666667 -207.68750000
-3808.00000000 -1514.66666667 -207.66666667
-3808.00000000 -1312.00000000 -176.00000000
-4048.00000000 -1312.00000000 -71.00000000

0 744 -1 -1 3
-4048.00000000 -1072.00000000 -26.00000000
-3808.00000000 -1312.00000000 -176.00000000
-4048.00000000 -1312.00000000 -71.00000000

0 745 -1 -2 3
-4048.00000000 -1312.00000000 -71.00000000
-3808.00000000 -1312.00000000 -176.00000000
-4048.00000000 -1072.00000000 -26.00000000

0 91 -1 -1 3
-3936.00000000 -1248.00000000 -872.00000000
-3872.00000000 -1312.00000000 -872.00000000
-3872.00000000 -1248.00000000 -872.00000000

0 90 -1 -2 3
-3872.00000000 -1248.00000000 -872.00000000
-3872.00000000 -1312.00000000 -872.00000000
-3936.00000000 -1248.00000000 -872.00000000

0 91 -1 -1 5
-4048.00000000 -1136.00000000 -872.00000000
-3936.00000000 -1248.00000000 -872.00000000
-3872.00000000 -1248.00000000 -872.00000000
-3872.00000000 -1056.00000000 -872.00000000
-4048.00000000 -1056.00000000 -872.00000000

0 90 -1 -2 5
-4048.00000000 -1056.00000000 -872.00000000
-3872.00000000 -1056.00000000 -872.00000000
-3872.00000000 -1248.00000000 -872.00000000
-3936.00000000 -1248.00000000 -872.00000000
-4048.00000000 -1136.00000000 -872.00000000

0 764 -1 -1 4
-4048.00000000 -1056.00000000 -21.50000000
-3808.00000000 -1056.00000000 -104.00000000
-3808.00000000 -1312.00000000 -176.00000000
-4048.00000000 -1072.00000000 -26.00000000

0 765 -1 -2 4
-4048.00000000 -1072.00000000 -26.00000000
-3808.00000000 -1312.00000000 -176.00000000
-3808.00000000 -1056.00000000 -104.00000000
-4048.00000000 -1056.00000000 -21.50000000

0 91 -1 -1 3
-4048.00000000 -1056.00000000 -872.00000000
-3872.00000000 -1056.00000000 -872.00000000
-4048.00000000 -880.00000000 -872.00000000

0 90 -1 -2 3
-4048.00000000 -880.00000000 -872.00000000
-3872.00000000 -1056.00000000 -872.00000000
-4048.00000000 -1056.00000000 -872.00000000

0 778 -1 -1 3
-4048.00000000 -816.00000000 53.50000000
-3808.00000000 -1056.00000000 -104.00000000
-4048.00000000 -1056.00000000 -21.50000000

0 779 -1 -2 3
-4048.00000000 -1056.00000000 -21.50000000
-3808.00000000 -1056.00000000 -104.00000000
-4048.00000000 -816.00000000 53.50000000

0 91 -1 -1 3
-3936.00000000 -992.00000000 -872.00000000
-3872.00000000 -1056.00000000 -872.00000000
-3872.00000000 -992.00000000 -872.00000000

0 90 -1 -2 3
-3872.00000000 -992.00000000 -872.00000000
-3872.00000000 -1056.00000000 -872.00000000
-3936.00000000 -992.00000000 -872.00000000

0 91 -1 -1 5
-4048.00000000 -880.00000000 -872.00000000
-3936.00000000 -992.00000000 -872.00000000
-3872.00000000 -992.00000000 -872.00000000
-3872.00000000 -800.00000000 -872.00000000
-4048.00000000 -800.00000000 -872.00000000

0 90 -1 -2 5
-4048.00000000 -800.00000000 -872.00000000
-3872.00000000 -800.00000000 -872.00000000
-3872.00000000 -992.00000000 -872.00000000
-3936.00000000 -992.00000000 -872.00000000
-4048.00000000 -880.00000000 -872.00000000

0 846 -1 -1 4
-4048.00000000 -800.00000000 59.50000000
-3808.00000000 -800.00000000 -8.00000000
-3808.00000000 -1056.00000000 -104.00000000
-4048.00000000 -816.00000000 53.50000000

0 847 -1 -2 4
-4048.00000000 -816.00000000 53.50000000
-3808.00000000 -1056.00000000 -104.00000000
-3808.00000000 -800.00000000 -8.00000000
-4048.00000000 -800.00000000 59.50000000

0 91 -1 -1 3
-4048.00000000 -800.00000000 -872.00000000
-3872.00000000 -800.00000000 -872.00000000
-4048.00000000 -624.00000000 -872.00000000

0 90 -1 -2 3
-4048.00000000 -624.00000000 -872.00000000
-3872.00000000 -800.00000000 -872.00000000
-4048.00000000 -800.00000000 -872.00000000

0 888 -1 -1 3
-4048.00000000 -560.00000000 172.00000000
-3808.00000000 -800.00000000 -8.00000000
-4048.00000000 -800.00000000 59.50000000

0 889 -1 -2 3
-4048.00000000 -800.00000000 59.50000000
-3808.00000000 -800.00000000 -8.00000000
-4048.00000000 -560.00000000 172.00000000

0 91 -1 -1 3
-3936.00000000 -736.00000000 -872.00000000
-3872.00000000 -800.00000000 -872.00000000
-3872.00000000 -736.00000000 -872.00000000

0 90 -1 -2 3
-3872.00000000 -736.00000000 -872.00000000
-3872.00000000 -800.00000000 -872.00000000
-3936.00000000 -736.00000000 -872.00000000

0 91 -1 -1 5
-4048.00000000 -624.00000000 -872.00000000
-3936.00000000 -736.00000000 -872.00000000
-3872.00000000 -736.00000000 -872.00000000
-3872.00000000 -544.00000000 -872.00000000
-4048.00000000 -544.00000000 -872.00000000

0 90 -1 -2 5
-4048.00000000 -544.00000000 -872.00000000
-3872.00000000 -544.00000000 -872.00000000
-3872.00000000 -736.00000000 -872.00000000
-3936.00000000 -736.00000000 -872.00000000
-4048.00000000 -624.00000000 -872.00000000

0 884 -1 -1 4
-4048.00000000 -544.00000000 181.00000000
-3808.00000000 -544.00000000 136.00000000
-3808.00000000 -800.00000000 -8.00000000
-4048.00000000 -560.00000000 172.00000000

0 885 -1 -2 4
-4048.00000000 -560.00000000 172.00000000
-3808.00000000 -800.00000000 -8.00000000
-3808.00000000 -544.00000000 136.00000000
-4048.00000000 -544.00000000 181.00000000

0 91 -1 -1 3
-4048.00000000 -400.00000000 -872.00000000
-3936.00000000 -288.00000000 -872.00000000
-4048.00000000 -288.00000000 -872.00000000

0 90 -1 -2 3
-4048.00000000 -288.00000000 -872.00000000
-3936.00000000 -288.00000000 -872.00000000
-4048.00000000 -400.00000000 -872.00000000

0 914 -1 -1 3
-4048.00000000 -288.00000000 316.00000000
-3808.00000000 -288.00000000 256.00000000
-4048.00000000 -528.00000000 188.50000000

0 915 -1 -2 3
-4048.00000000 -528.00000000 188.50000000
-3808.00000000 -288.00000000 256.00000000
-4048.00000000 -288.00000000 316.00000000

0 91 -1 -1 3
-4048.00000000 -288.00000000 -872.00000000
-3872.00000000 -288.00000000 -872.00000000
-4048.00000000 -112.00000000 -872.00000000

0 90 -1 -2 3
-4048.00000000 -112.00000000 -872.00000000
-3872.00000000 -288.00000000 -872.00000000
-4048.00000000 -288.00000000 -872.00000000

0 1006 -1 -1 3
-4048.00000000 -48.00000000 398.50000000
-3808.00000000 -288.00000000 256.00000000
-4048.00000000 -288.00000000 316.00000000

0 91 -1 -1 4
-4048.00000000 -544.00000000 -872.00000000
-3872.00000000 -544.00000000 -872.00000000
-3872.00000000 -480.00000000 -872.00000000
-4048.00000000 -480.00000000 -872.00000000

0 90 -1 -2 4
-4048.00000000 -480.00000000 -872.00000000
-3872.00000000 -480.00000000 -872.00000000
-3872.00000000 -544.00000000 -872.00000000
-4048.00000000 -544.00000000 -872.00000000

0 91 -1 -1 5
-3936.00000000 -288.00000000 -872.00000000
-4048.00000000 -400.00000000 -872.00000000
-4048.00000000 -480.00000000 -872.00000000
-3872.00000000 -480.00000000 -872.00000000
-3872.00000000 -288.00000000 -872.00000000

0 90 -1 -2 5
-3872.00000000 -288.00000000 -872.00000000
-3872.00000000 -480.00000000 -872.00000000
-4048.00000000 -480.00000000 -872.00000000
-4048.00000000 -400.00000000 -872.00000000
-3936.00000000 -288.00000000 -872.00000000

0 1007 -1 -2 3
-4048.00000000 -288.00000000 316.00000000
-3808.00000000 -288.00000000 256.00000000
-4048.00000000 -48.00000000 398.50000000

0 966 -1 -1 4
-3808.00000000 -288.00000000 256.00000000
-3808.00000000 -544.00000000 136.00000000
-4048.00000000 -544.00000000 181.00000000
-4048.00000000 -528.00000000 188.50000000

0 967 -1 -2 4
-4048.00000000 -528.00000000 188.50000000
-4048.00000000 -544.00000000 181.00000000
-3808.00000000 -544.00000000 136.00000000
-3808.00000000 -288.00000000 256.00000000

0 91 -1 -1 3
-3936.00000000 -224.00000000 -872.00000000
-3872.00000000 -288.00000000 -872.00000000
-3872.00000000 -224.00000000 -872.00000000

0 90 -1 -2 3
-3872.00000000 -224.00000000 -872.00000000
-3872.00000000 -288.00000000 -872.00000000
-3936.00000000 -224.00000000 -872.00000000

0 91 -1 -1 5
-4048.00000000 -112.00000000 -872.00000000
-3936.00000000 -224.00000000 -872.00000000
-3872.00000000 -224.00000000 -872.00000000
-3872.00000000 -32.00000000 -872.00000000
-4048.00000000 -32.00000000 -872.00000000

0 90 -1 -2 5
-4048.00000000 -32.00000000 -872.00000000
-3872.00000000 -32.00000000 -872.00000000
-3872.00000000 -224.00000000 -872.00000000
-3936.00000000 -224.00000000 -872.00000000
-4048.00000000 -112.00000000 -872.00000000

0 1028 -1 -1 4
-4048.00000000 -32.00000000 405.00000000
-3808.00000000 -32.00000000 360.00000000
-3808.00000000 -288.00000000 256.00000000
-4048.00000000 -48.00000000 398.50000000

0 1029 -1 -2 4
-4048.00000000 -48.00000000 398.50000000
-3808.00000000 -288.00000000 256.00000000
-3808.00000000 -32.00000000 360.00000000
-4048.00000000 -32.00000000 405.00000000

0 91 -1 -1 3
-4048.00000000 112.00000000 -872.00000000
-3936.00000000 224.00000000 -872.00000000
-4048.00000000 224.00000000 -872.00000000

0 90 -1 -2 3
-4048.00000000 224.00000000 -872.00000000
-3936.00000000 224.00000000 -872.00000000
-4048.00000000 112.00000000 -872.00000000

0 1056 -1 -1 3
-4048.00000000 224.00000000 444.50000000
-3808.00000000 224.00000000 392.00000000
-4048.00000000 -16.00000000 407.00000000

0 1057 -1 -2 3
-4048.00000000 -16.00000000 407.00000000
-3808.00000000 224.00000000 392.00000000
-4048.00000000 224.00000000 444.50000000

0 91 -1 -1 4
-4048.00000000 -32.00000000 -872.00000000
-3872.00000000 -32.00000000 -872.00000000
-3872.00000000 32.00000000 -872.00000000
-4048.00000000 32.00000000 -872.00000000

0 90 -1 -2 4
-4048.00000000 32.00000000 -872.00000000
-3872.00000000 32.00000000 -872.00000000
-3872.00000000 -32.00000000 -872.00000000
-4048.00000000 -32.00000000 -872.00000000

0 91 -1 -1 3
-4048.00000000 224.00000000 -872.00000000
-3872.00000000 224.00000000 -872.00000000
-4048.00000000 400.00000000 -872.00000000

0 90 -1 -2 3
-4048.00000000 400.00000000 -872.00000000
-3872.00000000 224.00000000 -872.00000000
-4048.00000000 224.00000000 -872.00000000

0 1144 -1 -1 3
-4048.00000000 464.00000000 459.50000000
-3808.00000000 224.00000000 392.00000000
-4048.00000000 224.00000000 444.50000000

0 1145 -1 -2 3
-4048.00000000 224.00000000 444.50000000
-3808.00000000 224.00000000 392.00000000
-4048.00000000 464.00000000 459.50000000

0 91 -1 -1 5
-3936.00000000 224.00000000 -872.00000000
-4048.00000000 112.00000000 -872.00000000
-4048.00000000 32.00000000 -872.00000000
-3872.00000000 32.00000000 -872.00000000
-3872.00000000 224.00000000 -872.00000000

0 90 -1 -2 5
-3872.00000000 224.00000000 -872.00000000
-3872.00000000 32.00000000 -872.00000000
-4048.00000000 32.00000000 -872.00000000
-4048.00000000 112.00000000 -872.00000000
-3936.00000000 224.00000000 -872.00000000

0 1090 -1 -1 4
-4048.00000000 -16.00000000 407.00000000
-3808.00000000 224.00000000 392.00000000
-3808.00000000 -32.00000000 360.00000000
-4048.00000000 -32.00000000 405.00000000

0 1091 -1 -2 4
-4048.00000000 -32.00000000 405.00000000
-3808.00000000 -32.00000000 360.00000000
-3808.00000000 224.00000000 392.00000000
-4048.00000000 -16.00000000 407.00000000

0 91 -1 -1 3
-3936.00000000 288.00000000 -872.00000000
-3872.00000000 224.00000000 -872.00000000
-3872.00000000 288.00000000 -872.00000000

0 90 -1 -2 3
-3872.00000000 288.00000000 -872.00000000
-3872.00000000 224.00000000 -872.00000000
-3936.00000000 288.00000000 -872.00000000

0 91 -1 -1 5
-4048.00000000 400.00000000 -872.00000000
-3936.00000000 288.00000000 -872.00000000
-3872.00000000 288.00000000 -872.00000000
-3872.00000000 480.00000000 -872.00000000
-4048.00000000 480.00000000 -872.00000000

0 90 -1 -2 5
-4048.00000000 480.00000000 -872.00000000
-3872.00000000 480.00000000 -872.00000000
-3872.00000000 288.00000000 -872.00000000
-3936.00000000 288.00000000 -872.00000000
-4048.00000000 400.00000000 -872.00000000

0 1144 -1 -1 4
-4048.00000000 480.00000000 460.50000000
-3808.00000000 480.00000000 408.00000000
-3808.00000000 224.00000000 392.00000000
-4048.00000000 464.00000000 459.50000000

0 1145 -1 -2 4
-4048.00000000 464.00000000 459.50000000
-3808.00000000 224.00000000 392.00000000
-3808.00000000 480.00000000 408.00000000
-4048.00000000 480.00000000 460.50000000

0 91 -1 -1 3
-4048.00000000 480.00000000 -872.00000000
-3872.00000000 480.00000000 -872.00000000
-4048.00000000 656.00000000 -872.00000000

0 90 -1 -2 3
-4048.00000000 656.00000000 -872.00000000
-3872.00000000 480.00000000 -872.00000000
-4048.00000000 480.00000000 -872.00000000

0 1146 -1 -1 4
-4048.00000000 544.00000000 460.50000000
-3840.00000000 544.00000000 415.00000000
-3808.00000000 480.00000000 408.00000000
-4048.00000000 480.00000000 460.50000000

0 1147 -1 -2 4
-4048.00000000 480.00000000 460.50000000
-3808.00000000 480.00000000 408.00000000
-3840.00000000 544.00000000 415.00000000
-4048.00000000 544.00000000 460.50000000

0 1134 -1 -1 3
-3936.00000000 544.00000000 436.00000000
-4048.00000000 544.00000000 460.50000000
-4048.00000000 768.00000000 453.50000000

0 1135 -1 -2 3
-4048.00000000 768.00000000 453.50000000
-4048.00000000 544.00000000 460.50000000
-3936.00000000 544.00000000 436.00000000

0 1134 -1 -1 3
-3840.00000000 544.00000000 415.00000000
-3936.00000000 544.00000000 436.00000000
-4032.00000000 736.00000000 451.00000000

0 1135 -1 -2 3
-4032.00000000 736.00000000 451.00000000
-3936.00000000 544.00000000 436.00000000
-3840.00000000 544.00000000 415.00000000

0 91 -1 -1 3
-3936.00000000 544.00000000 -872.00000000
-3872.00000000 480.00000000 -872.00000000
-3872.00000000 544.00000000 -872.00000000

0 90 -1 -2 3
-3872.00000000 544.00000000 -872.00000000
-3872.00000000 480.00000000 -872.00000000
-3936.00000000 544.00000000 -872.00000000

0 91 -1 -1 5
-4048.00000000 656.00000000 -872.00000000
-3936.00000000 544.00000000 -872.00000000
-3872.00000000 544.00000000 -872.00000000
-3872.00000000 736.00000000 -872.00000000
-4048.00000000 736.00000000 -872.00000000

0 90 -1 -2 5
-4048.00000000 736.00000000 -872.00000000
-3872.00000000 736.00000000 -872.00000000
-3872.00000000 544.00000000 -872.00000000
-3936.00000000 544.00000000 -872.00000000
-4048.00000000 656.00000000 -872.00000000

0 1218 -1 -1 3
-3808.00000000 544.00000000 410.00000000
-3808.00000000 480.00000000 408.00000000
-3840.00000000 544.00000000 415.00000000

0 1219 -1 -2 3
-3840.00000000 544.00000000 415.00000000
-3808.00000000 480.00000000 408.00000000
-3808.00000000 544.00000000 410.00000000

0 1218 -1 -1 5
-4032.00000000 736.00000000 451.00000000
-3818.66666667 736.00000000 417.66666667
-3808.00000000 730.18181818 415.81818182
-3808.00000000 544.00000000 410.00000000
-3840.00000000 544.00000000 415.00000000

0 1219 -1 -2 5
-3840.00000000 544.00000000 415.00000000
-3808.00000000 544.00000000 410.00000000
-3808.00000000 730.18181818 415.81818182
-3818.66666667 736.00000000 417.66666667
-4032.00000000 736.00000000 451.00000000

0 91 -1 -1 3
-4048.00000000 736.00000000 -872.00000000
-3872.00000000 736.00000000 -872.00000000
-4048.00000000 912.00000000 -872.00000000

0 90 -1 -2 3
-4048.00000000 912.00000000 -872.00000000
-3872.00000000 736.00000000 -872.00000000
-4048.00000000 736.00000000 -872.00000000

0 1222 -1 -1 6
-4048.00000000 800.00000000 453.50000000
-3859.20000000 800.00000000 424.00000000
-3818.66666667 749.33333333 417.66666667
-3818.66666667 736.00000000 417.66666667
-4032.00000000 736.00000000 451.00000000
-4048.00000000 768.00000000 453.50000000

0 1223 -1 -2 6
-4048.00000000 768.00000000 453.50000000
-4032.00000000 736.00000000 451.00000000
-3818.66666667 736.00000000 417.66666667
-3818.66666667 749.33333333 417.66666667
-3859.20000000 800.00000000 424.00000000
-4048.00000000 800.00000000 453.50000000

0 1250 -1 -1 3
-3859.20000000 800.00000000 424.00000000
-4048.00000000 800.00000000 453.50000000
-4048.00000000 885.81818182 434.72727273

0 1251 -1 -2 3
-4048.00000000 885.81818182 434.72727273
-4048.00000000 800.00000000 453.50000000
-3859.20000000 800.00000000 424.00000000

0 1250 -1 -1 3
-3872.00000000 805.81818182 424.72727273
-4048.00000000 885.81818182 434.72727273
-4048.00000000 981.81818182 413.72727273

0 1251 -1 -2 3
-4048.00000000 981.81818182 413.72727273
-4048.00000000 885.81818182 434.72727273
-3872.00000000 805.81818182 424.72727273

0 91 -1 -1 3
-3936.00000000 800.00000000 -872.00000000
-3872.00000000 736.00000000 -872.00000000
-3872.00000000 800.00000000 -872.00000000

0 90 -1 -2 3
-3872.00000000 800.00000000 -872.00000000
-3872.00000000 736.00000000 -872.00000000
-3936.00000000 800.00000000 -872.00000000

0 91 -1 -1 5
-4048.00000000 912.00000000 -872.00000000
-3936.00000000 800.00000000 -872.00000000
-3872.00000000 800.00000000 -872.00000000
-3872.00000000 992.00000000 -872.00000000
-4048.00000000 992.00000000 -872.00000000

0 90 -1 -2 5
-4048.00000000 992.00000000 -872.00000000
-3872.00000000 992.00000000 -872.00000000
-3872.00000000 800.00000000 -872.00000000
-3936.00000000 800.00000000 -872.00000000
-4048.00000000 912.00000000 -872.00000000

0 1268 -1 -1 4
-3872.00000000 992.00000000 448.00000000
-3872.00000000 805.81818182 424.72727273
-4048.00000000 981.81818182 413.72727273
-4048.00000000 992.00000000 415.00000000

0 1269 -1 -2 4
-4048.00000000 992.00000000 415.00000000
-4048.00000000 981.81818182 413.72727273
-3872.00000000 805.81818182 424.72727273
-3872.00000000 992.00000000 448.00000000

0 91 -1 -1 3
-4048.00000000 1136.00000000 -872.00000000
-3936.00000000 1248.00000000 -872.00000000
-4048.00000000 1248.00000000 -872.00000000

0 90 -1 -2 3
-4048.00000000 1248.00000000 -872.00000000
-3936.00000000 1248.00000000 -872.00000000
-4048.00000000 1136.00000000 -872.00000000

0 1302 -1 -1 3
-4048.00000000 1041.23076923 415.00000000
-4048.00000000 1056.00000000 421.00000000
-4036.00000000 1056.00000000 417.25000000

0 1303 -1 -2 3
-4036.00000000 1056.00000000 417.25000000
-4048.00000000 1056.00000000 421.00000000
-4048.00000000 1041.23076923 415.00000000

0 1302 -1 -1 3
-4048.00000000 1248.00000000 499.00000000
-3827.20000000 1248.00000000 430.00000000
-4048.00000000 1110.00000000 442.93750000

