0 33 -1 -1 3
-4064.00000000 -4032.00000000 -876.00000000
-3888.00000000 -3856.00000000 -876.00000000
-4064.00000000 -3856.00000000 -876.00000000

0 32 -1 -2 3
-4064.00000000 -3856.00000000 -876.00000000
-3888.00000000 -3856.00000000 -876.00000000
-4064.00000000 -4032.00000000 -876.00000000

0 42 -1 -1 4
-4037.33333333 -4064.00000000 -282.16666667
-4064.00000000 -4064.00000000 -278.00000000
-4064.00000000 -4056.00000000 -275.25000000
-3856.00000000 -3882.66666667 -248.16666667

0 43 -1 -2 4
-3856.00000000 -3882.66666667 -248.16666667
-4064.00000000 -4056.00000000 -275.25000000
-4064.00000000 -4064.00000000 -278.00000000
-4037.33333333 -4064.00000000 -282.16666667

0 42 -1 -1 4
-4064.00000000 -3856.00000000 -206.50000000
-3841.45454545 -3856.00000000 -241.27272727
-3842.66666667 -3869.33333333 -245.66666667
-4064.00000000 -4027.42857143 -265.42857143

0 43 -1 -2 4
-4064.00000000 -4027.42857143 -265.42857143
-3842.66666667 -3869.33333333 -245.66666667
-3841.45454545 -3856.00000000 -241.27272727
-4064.00000000 -3856.00000000 -206.50000000

0 42 -1 -1 4
-3856.00000000 -3882.66666667 -248.16666667
-4064.00000000 -4056.00000000 -275.25000000
-4064.00000000 -4027.42857143 -265.42857143
-3842.66666667 -3869.33333333 -245.66666667

0 43 -1 -2 4
-3842.66666667 -3869.33333333 -245.66666667
-4064.00000000 -4027.42857143 -265.42857143
-4064.00000000 -4056.00000000 -275.25000000
-3856.00000000 -3882.66666667 -248.16666667

0 33 -1 -1 5
-3888.00000000 -3856.00000000 -876.00000000
-4064.00000000 -4032.00000000 -876.00000000
-4064.00000000 -4064.00000000 -876.00000000
-3856.00000000 -4064.00000000 -876.00000000
-3856.00000000 -3856.00000000 -876.00000000

0 32 -1 -2 5
-3856.00000000 -3856.00000000 -876.00000000
-3856.00000000 -4064.00000000 -876.00000000
-4064.00000000 -4064.00000000 -876.00000000
-4064.00000000 -4032.00000000 -876.00000000
-3888.00000000 -3856.00000000 -876.00000000

0 18 -1 -1 3
-3856.00000000 -3882.66666667 -248.16666667
-3856.00000000 -4064.00000000 -276.50000000
-4037.33333333 -4064.00000000 -282.16666667

0 19 -1 -2 3
-4037.33333333 -4064.00000000 -282.16666667
-3856.00000000 -4064.00000000 -276.50000000
-3856.00000000 -3882.66666667 -248.16666667

0 33 -1 -1 3
-4064.00000000 -3856.00000000 -876.00000000
-3856.00000000 -3856.00000000 -876.00000000
-4064.00000000 -3648.00000000 -876.00000000

0 32 -1 -2 3
-4064.00000000 -3648.00000000 -876.00000000
-3856.00000000 -3856.00000000 -876.00000000
-4064.00000000 -3856.00000000 -876.00000000

0 54 -1 -1 4
-3841.45454545 -3856.00000000 -241.27272727
-4064.00000000 -3856.00000000 -206.50000000
-4064.00000000 -3656.00000000 -156.50000000
-3837.39534884 -3844.83720930 -239.11627907

0 55 -1 -2 4
-3837.39534884 -3844.83720930 -239.11627907
-4064.00000000 -3656.00000000 -156.50000000
-4064.00000000 -3856.00000000 -206.50000000
-3841.45454545 -3856.00000000 -241.27272727

0 54 -1 -1 3
-3856.00000000 -3829.33333333 -232.33333333
-4064.00000000 -3656.00000000 -156.50000000
-4064.00000000 -3621.33333333 -147.83333333

0 55 -1 -2 3
-4064.00000000 -3621.33333333 -147.83333333
-4064.00000000 -3656.00000000 -156.50000000
-3856.00000000 -3829.33333333 -232.33333333

0 33 -1 -1 3
-3888.00000000 -3824.00000000 -876.00000000
-3856.00000000 -3856.00000000 -876.00000000
-3856.00000000 -3824.00000000 -876.00000000

0 32 -1 -2 3
-3856.00000000 -3824.00000000 -876.00000000
-3856.00000000 -3856.00000000 -876.00000000
-3888.00000000 -3824.00000000 -876.00000000

0 33 -1 -1 5
-4064.00000000 -3648.00000000 -876.00000000
-3888.00000000 -3824.00000000 -876.00000000
-3856.00000000 -3824.00000000 -876.00000000
-3856.00000000 -3600.00000000 -876.00000000
-4064.00000000 -3600.00000000 -876.00000000

0 32 -1 -2 5
-4064.00000000 -3600.00000000 -876.00000000
-3856.00000000 -3600.00000000 -876.00000000
-3856.00000000 -3824.00000000 -876.00000000
-3888.00000000 -3824.00000000 -876.00000000
-4064.00000000 -3648.00000000 -876.00000000

0 70 -1 -1 4
-3856.00000000 -3600.00000000 -132.00000000
-3856.00000000 -3829.33333333 -232.33333333
-4064.00000000 -3621.33333333 -147.83333333
-4064.00000000 -3600.00000000 -138.50000000

0 71 -1 -2 4
-4064.00000000 -3600.00000000 -138.50000000
-4064.00000000 -3621.33333333 -147.83333333
-3856.00000000 -3829.33333333 -232.33333333
-3856.00000000 -3600.00000000 -132.00000000

0 33 -1 -1 3
-4064.00000000 -3600.00000000 -876.00000000
-3856.00000000 -3600.00000000 -876.00000000
-4064.00000000 -3392.00000000 -876.00000000

0 32 -1 -2 3
-4064.00000000 -3392.00000000 -876.00000000
-3856.00000000 -3600.00000000 -876.00000000
-4064.00000000 -3600.00000000 -876.00000000

0 170 -1 -1 3
-4064.00000000 -3392.00000000 -86.50000000
-3856.00000000 -3600.00000000 -132.00000000
-4064.00000000 -3600.00000000 -138.50000000

0 171 -1 -2 3
-4064.00000000 -3600.00000000 -138.50000000
-3856.00000000 -3600.00000000 -132.00000000
-4064.00000000 -3392.00000000 -86.50000000

0 33 -1 -1 3
-3888.00000000 -3568.00000000 -876.00000000
-3856.00000000 -3600.00000000 -876.00000000
-3856.00000000 -3568.00000000 -876.00000000

0 32 -1 -2 3
-3856.00000000 -3568.00000000 -876.00000000
-3856.00000000 -3600.00000000 -876.00000000
-3888.00000000 -3568.00000000 -876.00000000

0 33 -1 -1 5
-4064.00000000 -3392.00000000 -876.00000000
-3888.00000000 -3568.00000000 -876.00000000
-3856.00000000 -3568.00000000 -876.00000000
-3856.00000000 -3344.00000000 -876.00000000
-4064.00000000 -3344.00000000 -876.00000000

0 32 -1 -2 5
-4064.00000000 -3344.00000000 -876.00000000
-3856.00000000 -3344.00000000 -876.00000000
-3856.00000000 -3568.00000000 -876.00000000
-3888.00000000 -3568.00000000 -876.00000000
-4064.00000000 -3392.00000000 -876.00000000

0 194 -1 -1 4
-3856.00000000 -3344.00000000 -60.00000000
-3856.00000000 -3600.00000000 -132.00000000
-4064.00000000 -3392.00000000 -86.50000000
-4064.00000000 -3344.00000000 -73.00000000

0 195 -1 -2 4
-4064.00000000 -3344.00000000 -73.00000000
-4064.00000000 -3392.00000000 -86.50000000
-3856.00000000 -3600.00000000 -132.00000000
-3856.00000000 -3344.00000000 -60.00000000

0 33 -1 -1 3
-4064.00000000 -3264.00000000 -876.00000000
-3888.00000000 -3088.00000000 -876.00000000
-4064.00000000 -3088.00000000 -876.00000000

0 32 -1 -2 3
-4064.00000000 -3088.00000000 -876.00000000
-3888.00000000 -3088.00000000 -876.00000000
-4064.00000000 -3264.00000000 -876.00000000

0 214 -1 -1 3
-4064.00000000 -3088.00000000 60.00000000
-3856.00000000 -3088.00000000 60.00000000
-4064.00000000 -3296.00000000 -50.50000000

0 215 -1 -2 3
-4064.00000000 -3296.00000000 -50.50000000
-3856.00000000 -3088.00000000 60.00000000
-4064.00000000 -3088.00000000 60.00000000

0 33 -1 -1 4
-4064.00000000 -3344.00000000 -876.00000000
-3856.00000000 -3344.00000000 -876.00000000
-3856.00000000 -3312.00000000 -876.00000000
-4064.00000000 -3312.00000000 -876.00000000

0 32 -1 -2 4
-4064.00000000 -3312.00000000 -876.00000000
-3856.00000000 -3312.00000000 -876.00000000
-3856.00000000 -3344.00000000 -876.00000000
-4064.00000000 -3344.00000000 -876.00000000

0 33 -1 -1 5
-3888.00000000 -3088.00000000 -876.00000000
-4064.00000000 -3264.00000000 -876.00000000
-4064.00000000 -3312.00000000 -876.00000000
-3856.00000000 -3312.00000000 -876.00000000
-3856.00000000 -3088.00000000 -876.00000000

0 32 -1 -2 5
-3856.00000000 -3088.00000000 -876.00000000
-3856.00000000 -3312.00000000 -876.00000000
-4064.00000000 -3312.00000000 -876.00000000
-4064.00000000 -3264.00000000 -876.00000000
-3888.00000000 -3088.00000000 -876.00000000

0 226 -1 -1 4
-3856.00000000 -3088.00000000 60.00000000
-3856.00000000 -3344.00000000 -60.00000000
-4064.00000000 -3344.00000000 -73.00000000
-4064.00000000 -3296.00000000 -50.50000000

0 227 -1 -2 4
-4064.00000000 -3296.00000000 -50.50000000
-4064.00000000 -3344.00000000 -73.00000000
-3856.00000000 -3344.00000000 -60.00000000
-3856.00000000 -3088.00000000 60.00000000

0 33 -1 -1 3
-4064.00000000 -3088.00000000 -876.00000000
-3856.00000000 -3088.00000000 -876.00000000
-4064.00000000 -2880.00000000 -876.00000000

0 32 -1 -2 3
-4064.00000000 -2880.00000000 -876.00000000
-3856.00000000 -3088.00000000 -876.00000000
-4064.00000000 -3088.00000000 -876.00000000

0 296 -1 -1 3
-3856.00000000 -3088.00000000 60.00000000
-4064.00000000 -3088.00000000 60.00000000
-4064.00000000 -2880.00000000 112.00000000

0 297 -1 -2 3
-4064.00000000 -2880.00000000 112.00000000
-4064.00000000 -3088.00000000 60.00000000
-3856.00000000 -3088.00000000 60.00000000

0 33 -1 -1 3
-3888.00000000 -3056.00000000 -876.00000000
-3856.00000000 -3088.00000000 -876.00000000
-3856.00000000 -3056.00000000 -876.00000000

0 32 -1 -2 3
-3856.00000000 -3056.00000000 -876.00000000
-3856.00000000 -3088.00000000 -876.00000000
-3888.00000000 -3056.00000000 -876.00000000

0 33 -1 -1 5
-4064.00000000 -2880.00000000 -876.00000000
-3888.00000000 -3056.00000000 -876.00000000
-3856.00000000 -3056.00000000 -876.00000000
-3856.00000000 -2832.00000000 -876.00000000
-4064.00000000 -2832.00000000 -876.00000000

0 32 -1 -2 5
-4064.00000000 -2832.00000000 -876.00000000
-3856.00000000 -2832.00000000 -876.00000000
-3856.00000000 -3056.00000000 -876.00000000
-3888.00000000 -3056.00000000 -876.00000000
-4064.00000000 -2880.00000000 -876.00000000

0 312 -1 -1 4
-3856.00000000 -2832.00000000 140.00000000
-3856.00000000 -3088.00000000 60.00000000
-4064.00000000 -2880.00000000 112.00000000
-4064.00000000 -2832.00000000 127.00000000

0 313 -1 -2 4
-4064.00000000 -2832.00000000 127.00000000
-4064.00000000 -2880.00000000 112.00000000
-3856.00000000 -3088.00000000 60.00000000
-3856.00000000 -2832.00000000 140.00000000

0 33 -1 -1 3
-3888.00000000 -2800.00000000 -876.00000000
-3856.00000000 -2832.00000000 -876.00000000
-3856.00000000 -2800.00000000 -876.00000000

0 32 -1 -2 3
-3856.00000000 -2800.00000000 -876.00000000
-3856.00000000 -2832.00000000 -876.00000000
-3888.00000000 -2800.00000000 -876.00000000

0 33 -1 -1 3
-4064.00000000 -2832.00000000 -876.00000000
-3856.00000000 -2832.00000000 -876.00000000
-4064.00000000 -2624.00000000 -876.00000000

0 32 -1 -2 3
-4064.00000000 -2624.00000000 -876.00000000
-3856.00000000 -2832.00000000 -876.00000000
-4064.00000000 -2832.00000000 -876.00000000

0 33 -1 -1 5
-4064.00000000 -2624.00000000 -876.00000000
-3888.00000000 -2800.00000000 -876.00000000
-3856.00000000 -2800.00000000 -876.00000000
-3856.00000000 -2576.00000000 -876.00000000
-4064.00000000 -2576.00000000 -876.00000000

0 32 -1 -2 5
-4064.00000000 -2576.00000000 -876.00000000
-3856.00000000 -2576.00000000 -876.00000000
-3856.00000000 -2800.00000000 -876.00000000
-3888.00000000 -2800.00000000 -876.00000000
-4064.00000000 -2624.00000000 -876.00000000

0 316 -1 -1 4
-3856.00000000 -2800.00000000 140.00000000
-3856.00000000 -2832.00000000 140.00000000
-4064.00000000 -2832.00000000 127.00000000
-4064.00000000 -2800.00000000 127.00000000

0 317 -1 -2 4
-4064.00000000 -2800.00000000 127.00000000
-4064.00000000 -2832.00000000 127.00000000
-3856.00000000 -2832.00000000 140.00000000
-3856.00000000 -2800.00000000 140.00000000

0 346 -1 -1 4
-4064.00000000 -2544.00000000 49.50000000
-3856.00000000 -2544.00000000 108.00000000
-3856.00000000 -2800.00000000 140.00000000
-4064.00000000 -2592.00000000 55.50000000

0 347 -1 -2 4
-4064.00000000 -2592.00000000 55.50000000
-3856.00000000 -2800.00000000 140.00000000
-3856.00000000 -2544.00000000 108.00000000
-4064.00000000 -2544.00000000 49.50000000

0 338 -1 -1 3
-3856.00000000 -2800.00000000 140.00000000
-4064.00000000 -2800.00000000 127.00000000
-4064.00000000 -2592.00000000 55.50000000

0 339 -1 -2 3
-4064.00000000 -2592.00000000 55.50000000
-4064.00000000 -2800.00000000 127.00000000
-3856.00000000 -2800.00000000 140.00000000

0 33 -1 -1 3
-4064.00000000 -2496.00000000 -876.00000000
-3888.00000000 -2320.00000000 -876.00000000
-4064.00000000 -2320.00000000 -876.00000000

0 32 -1 -2 3
-4064.00000000 -2320.00000000 -876.00000000
-3888.00000000 -2320.00000000 -876.00000000
-4064.00000000 -2496.00000000 -876.00000000

0 404 -1 -1 3
-4064.00000000 -2320.00000000 52.00000000
-3880.88888889 -2320.00000000 52.00000000
-4064.00000000 -2503.11111111 40.55555556

0 405 -1 -2 3
-4064.00000000 -2503.11111111 40.55555556
-3880.88888889 -2320.00000000 52.00000000
-4064.00000000 -2320.00000000 52.00000000

0 33 -1 -1 4
-4064.00000000 -2576.00000000 -876.00000000
-3856.00000000 -2576.00000000 -876.00000000
-3856.00000000 -2544.00000000 -876.00000000
-4064.00000000 -2544.00000000 -876.00000000

0 32 -1 -2 4
-4064.00000000 -2544.00000000 -876.00000000
-3856.00000000 -2544.00000000 -876.00000000
-3856.00000000 -2576.00000000 -876.00000000
-4064.00000000 -2576.00000000 -876.00000000

0 33 -1 -1 5
-3888.00000000 -2320.00000000 -876.00000000
-4064.00000000 -2496.00000000 -876.00000000
-4064.00000000 -2544.00000000 -876.00000000
-3856.00000000 -2544.00000000 -876.00000000
-3856.00000000 -2320.00000000 -876.00000000

0 32 -1 -2 5
-3856.00000000 -2320.00000000 -876.00000000
-3856.00000000 -2544.00000000 -876.00000000
-4064.00000000 -2544.00000000 -876.00000000
-4064.00000000 -2496.00000000 -876.00000000
-3888.00000000 -2320.00000000 -876.00000000

0 436 -1 -1 3
-3856.00000000 -2288.00000000 52.00000000
-3856.00000000 -2544.00000000 108.00000000
-4055.11111111 -2544.00000000 52.00000000

0 437 -1 -2 3
-4055.11111111 -2544.00000000 52.00000000
-3856.00000000 -2544.00000000 108.00000000
-3856.00000000 -2288.00000000 52.00000000

0 436 -1 -1 4
-3880.88888889 -2320.00000000 52.00000000
-4055.11111111 -2544.00000000 52.00000000
-4064.00000000 -2544.00000000 49.50000000
-4064.00000000 -2503.11111111 40.55555556

0 437 -1 -2 4
-4064.00000000 -2503.11111111 40.55555556
-4064.00000000 -2544.00000000 49.50000000
-4055.11111111 -2544.00000000 52.00000000
-3880.88888889 -2320.00000000 52.00000000

0 33 -1 -1 3
-4064.00000000 -2240.00000000 -876.00000000
-3888.00000000 -2064.00000000 -876.00000000
-4064.00000000 -2064.00000000 -876.00000000

0 32 -1 -2 3
-4064.00000000 -2064.00000000 -876.00000000
-3888.00000000 -2064.00000000 -876.00000000
-4064.00000000 -2240.00000000 -876.00000000

0 450 -1 -1 3
-4064.00000000 -2032.00000000 -5.50000000
-3824.00000000 -2032.00000000 -28.00000000
-4064.00000000 -2272.00000000 47.00000000

0 451 -1 -2 3
-4064.00000000 -2272.00000000 47.00000000
-3824.00000000 -2032.00000000 -28.00000000
-4064.00000000 -2032.00000000 -5.50000000

0 412 -1 -1 4
-3880.88888889 -2320.00000000 52.00000000
-4064.00000000 -2320.00000000 52.00000000
-4064.00000000 -2288.00000000 52.00000000
-3856.00000000 -2288.00000000 52.00000000

0 413 -1 -2 4
-3856.00000000 -2288.00000000 52.00000000
-4064.00000000 -2288.00000000 52.00000000
-4064.00000000 -2320.00000000 52.00000000
-3880.88888889 -2320.00000000 52.00000000

0 33 -1 -1 4
-4064.00000000 -2320.00000000 -876.00000000
-3856.00000000 -2320.00000000 -876.00000000
-3856.00000000 -2288.00000000 -876.00000000
-4064.00000000 -2288.00000000 -876.00000000

0 32 -1 -2 4
-4064.00000000 -2288.00000000 -876.00000000
-3856.00000000 -2288.00000000 -876.00000000
-3856.00000000 -2320.00000000 -876.00000000
-4064.00000000 -2320.00000000 -876.00000000

0 33 -1 -1 3
-4064.00000000 -2064.00000000 -876.00000000
-3856.00000000 -2064.00000000 -876.00000000
-4064.00000000 -1856.00000000 -876.00000000

0 32 -1 -2 3
-4064.00000000 -1856.00000000 -876.00000000
-3856.00000000 -2064.00000000 -876.00000000
-4064.00000000 -2064.00000000 -876.00000000

0 33 -1 -1 5
-3888.00000000 -2064.00000000 -876.00000000
-4064.00000000 -2240.00000000 -876.00000000
-4064.00000000 -2288.00000000 -876.00000000
-3856.00000000 -2288.00000000 -876.00000000
-3856.00000000 -2064.00000000 -876.00000000

0 32 -1 -2 5
-3856.00000000 -2064.00000000 -876.00000000
-3856.00000000 -2288.00000000 -876.00000000
-4064.00000000 -2288.00000000 -876.00000000
-4064.00000000 -2240.00000000 -876.00000000
-3888.00000000 -2064.00000000 -876.00000000

0 496 -1 -1 3
-3824.00000000 -2032.00000000 -28.00000000
-4064.00000000 -2032.00000000 -5.50000000
-4064.00000000 -1972.00000000 -31.75000000

0 497 -1 -2 3
-4064.00000000 -1972.00000000 -31.75000000
-4064.00000000 -2032.00000000 -5.50000000
-3824.00000000 -2032.00000000 -28.00000000

0 496 -1 -1 3
-3856.00000000 -2024.00000000 -28.50000000
-4064.00000000 -1972.00000000 -31.75000000
-4064.00000000 -1816.00000000 -100.00000000

0 497 -1 -2 3
-4064.00000000 -1816.00000000 -100.00000000
-4064.00000000 -1972.00000000 -31.75000000
-3856.00000000 -2024.00000000 -28.50000000

0 468 -1 -1 4
-3856.00000000 -2288.00000000 52.00000000
-4064.00000000 -2288.00000000 52.00000000
-4064.00000000 -2272.00000000 47.00000000
-3856.00000000 -2064.00000000 -18.00000000

0 469 -1 -2 4
-3856.00000000 -2064.00000000 -18.00000000
-4064.00000000 -2272.00000000 47.00000000
-4064.00000000 -2288.00000000 52.00000000
-3856.00000000 -2288.00000000 52.00000000

0 33 -1 -1 3
-3888.00000000 -2032.00000000 -876.00000000
-3856.00000000 -2064.00000000 -876.00000000
-3856.00000000 -2032.00000000 -876.00000000

0 32 -1 -2 3
-3856.00000000 -2032.00000000 -876.00000000
-3856.00000000 -2064.00000000 -876.00000000
-3888.00000000 -2032.00000000 -876.00000000

0 33 -1 -1 5
-4064.00000000 -1856.00000000 -876.00000000
-3888.00000000 -2032.00000000 -876.00000000
-3856.00000000 -2032.00000000 -876.00000000
-3856.00000000 -1808.00000000 -876.00000000
-4064.00000000 -1808.00000000 -876.00000000

0 32 -1 -2 5
-4064.00000000 -1808.00000000 -876.00000000
-3856.00000000 -1808.00000000 -876.00000000
-3856.00000000 -2032.00000000 -876.00000000
-3888.00000000 -2032.00000000 -876.00000000
-4064.00000000 -1856.00000000 -876.00000000

0 548 -1 -1 4
-4064.00000000 -1776.00000000 -102.50000000
-3856.00000000 -1776.00000000 -44.00000000
-3856.00000000 -2024.00000000 -28.50000000
-4064.00000000 -1816.00000000 -100.00000000

0 549 -1 -2 4
-4064.00000000 -1816.00000000 -100.00000000
-3856.00000000 -2024.00000000 -28.50000000
-3856.00000000 -1776.00000000 -44.00000000
-4064.00000000 -1776.00000000 -102.50000000

0 33 -1 -1 3
-4064.00000000 -1728.00000000 -876.00000000
-3888.00000000 -1552.00000000 -876.00000000
-4064.00000000 -1552.00000000 -876.00000000

0 32 -1 -2 3
-4064.00000000 -1552.00000000 -876.00000000
-3888.00000000 -1552.00000000 -876.00000000
-4064.00000000 -1728.00000000 -876.00000000

0 568 -1 -1 3
-4064.00000000 -1552.00000000 -84.50000000
-3860.92307692 -1552.00000000 -192.38461538
-4064.00000000 -1755.07692308 -116.23076923

0 569 -1 -2 3
-4064.00000000 -1755.07692308 -116.23076923
-3860.92307692 -1552.00000000 -192.38461538
-4064.00000000 -1552.00000000 -84.50000000

0 33 -1 -1 4
-4064.00000000 -1808.00000000 -876.00000000
-3856.00000000 -1808.00000000 -876.00000000
-3856.00000000 -1776.00000000 -876.00000000
-4064.00000000 -1776.00000000 -876.00000000

0 32 -1 -2 4
-4064.00000000 -1776.00000000 -876.00000000
-3856.00000000 -1776.00000000 -876.00000000
-3856.00000000 -1808.00000000 -876.00000000
-4064.00000000 -1808.00000000 -876.00000000

0 33 -1 -1 3
-4064.00000000 -1552.00000000 -876.00000000
-3856.00000000 -1552.00000000 -876.00000000
-4064.00000000 -1344.00000000 -876.00000000

0 32 -1 -2 3
-4064.00000000 -1344.00000000 -876.00000000
-3856.00000000 -1552.00000000 -876.00000000
-4064.00000000 -1552.00000000 -876.00000000

0 33 -1 -1 5
-3888.00000000 -1552.00000000 -876.00000000
-4064.00000000 -1728.00000000 -876.00000000
-4064.00000000 -1776.00000000 -876.00000000
-3856.00000000 -1776.00000000 -876.00000000
-3856.00000000 -1552.00000000 -876.00000000

0 32 -1 -2 5
-3856.00000000 -1552.00000000 -876.00000000
-3856.00000000 -1776.00000000 -876.00000000
-4064.00000000 -1776.00000000 -876.00000000
-4064.00000000 -1728.00000000 -876.00000000
-3888.00000000 -1552.00000000 -876.00000000

0 576 -1 -1 4
-3856.00000000 -1776.00000000 -44.00000000
-4041.84615385 -1776.00000000 -96.26923077
-3860.92307692 -1552.00000000 -192.38461538
-3856.00000000 -1546.43478261 -194.65217391

0 577 -1 -2 4
-3856.00000000 -1546.43478261 -194.65217391
-3860.92307692 -1552.00000000 -192.38461538
-4041.84615385 -1776.00000000 -96.26923077
-3856.00000000 -1776.00000000 -44.00000000

0 624 -1 -1 3
-3860.92307692 -1552.00000000 -192.38461538
-3863.52941176 -1552.00000000 -191.00000000
-3856.00000000 -1546.43478261 -194.65217391

0 625 -1 -2 3
-3856.00000000 -1546.43478261 -194.65217391
-3863.52941176 -1552.00000000 -191.00000000
-3860.92307692 -1552.00000000 -192.38461538

0 624 -1 -1 4
-4064.00000000 -1312.00000000 -69.50000000
-3840.80000000 -1535.20000000 -202.02500000
-3863.52941176 -1552.00000000 -191.00000000
-4064.00000000 -1552.00000000 -84.50000000

0 625 -1 -2 4
-4064.00000000 -1552.00000000 -84.50000000
-3863.52941176 -1552.00000000 -191.00000000
-3840.80000000 -1535.20000000 -202.02500000
-4064.00000000 -1312.00000000 -69.50000000

0 576 -1 -1 4
-4041.84615385 -1776.00000000 -96.26923077
-4064.00000000 -1776.00000000 -102.50000000
-4064.00000000 -1755.07692308 -116.23076923
-3860.92307692 -1552.00000000 -192.38461538

0 577 -1 -2 4
-3860.92307692 -1552.00000000 -192.38461538
-4064.00000000 -1755.07692308 -116.23076923
-4064.00000000 -1776.00000000 -102.50000000
-4041.84615385 -1776.00000000 -96.26923077

0 33 -1 -1 3
-3888.00000000 -1520.00000000 -876.00000000
-3856.00000000 -1552.00000000 -876.00000000
-3856.00000000 -1520.00000000 -876.00000000

0 32 -1 -2 3
-3856.00000000 -1520.00000000 -876.00000000
-3856.00000000 -1552.00000000 -876.00000000
-3888.00000000 -1520.00000000 -876.00000000

0 33 -1 -1 5
-4064.00000000 -1344.00000000 -876.00000000
-3888.00000000 -1520.00000000 -876.00000000
-3856.00000000 -1520.00000000 -876.00000000
-3856.00000000 -1296.00000000 -876.00000000
-4064.00000000 -1296.00000000 -876.00000000

0 32 -1 -2 5
-4064.00000000 -1296.00000000 -876.00000000
-3856.00000000 -1296.00000000 -876.00000000
-3856.00000000 -1520.00000000 -876.00000000
-3888.00000000 -1520.00000000 -876.00000000
-4064.00000000 -1344.00000000 -876.00000000

0 680 -1 -1 6
-4064.00000000 -1296.00000000 -67.00000000
-3824.00000000 -1296.00000000 -172.00000000
-3824.00000000 -1525.33333333 -207.83333333
-3824.33333333 -1526.33333333 -207.84375000
-3840.80000000 -1535.20000000 -202.02500000
-4064.00000000 -1312.00000000 -69.50000000

0 681 -1 -2 6
-4064.00000000 -1312.00000000 -69.50000000
-3840.80000000 -1535.20000000 -202.02500000
-3824.33333333 -1526.33333333 -207.84375000
-3824.00000000 -1525.33333333 -207.83333333
-3824.00000000 -1296.00000000 -172.00000000
-4064.00000000 -1296.00000000 -67.00000000

0 33 -1 -1 3
-4064.00000000 -1296.00000000 -876.00000000
-3856.00000000 -1296.00000000 -876.00000000
-4064.00000000 -1088.00000000 -876.00000000

0 32 -1 -2 3
-4064.00000000 -1088.00000000 -876.00000000
-3856.00000000 -1296.00000000 -876.00000000
-4064.00000000 -1296.00000000 -876.00000000

0 700 -1 -1 3
-4064.00000000 -1056.00000000 -22.00000000
-3824.00000000 -1296.00000000 -172.00000000
-4064.00000000 -1296.00000000 -67.00000000

0 701 -1 -2 3
-4064.00000000 -1296.00000000 -67.00000000
-3824.00000000 -1296.00000000 -172.00000000
-4064.00000000 -1056.00000000 -22.00000000

0 33 -1 -1 3
-3888.00000000 -1264.00000000 -876.00000000
-3856.00000000 -1296.00000000 -876.00000000
-3856.00000000 -1264.00000000 -876.00000000

0 32 -1 -2 3
-3856.00000000 -1264.00000000 -876.00000000
-3856.00000000 -1296.00000000 -876.00000000
-3888.00000000 -1264.00000000 -876.00000000

0 33 -1 -1 5
-4064.00000000 -1088.00000000 -876.00000000
-3888.00000000 -1264.00000000 -876.00000000
-3856.00000000 -1264.00000000 -876.00000000
-3856.00000000 -1040.00000000 -876.00000000
-4064.00000000 -1040.00000000 -876.00000000

0 32 -1 -2 5
-4064.00000000 -1040.00000000 -876.00000000
-3856.00000000 -1040.00000000 -876.00000000
-3856.00000000 -1264.00000000 -876.00000000
-3888.00000000 -1264.00000000 -876.00000000
-4064.00000000 -1088.00000000 -876.00000000

0 718 -1 -1 4
-4064.00000000 -1040.00000000 -17.50000000
-3824.00000000 -1040.00000000 -100.00000000
-3824.00000000 -1296.00000000 -172.00000000
-4064.00000000 -1056.00000000 -22.00000000

0 719 -1 -2 4
-4064.00000000 -1056.00000000 -22.00000000
-3824.00000000 -1296.00000000 -172.00000000
-3824.00000000 -1040.00000000 -100.00000000
-4064.00000000 -1040.00000000 -17.50000000

0 33 -1 -1 3
-4064.00000000 -1040.00000000 -876.00000000
-3856.00000000 -1040.00000000 -876.00000000
-4064.00000000 -832.00000000 -876.00000000

0 32 -1 -2 3
-4064.00000000 -832.00000000 -876.00000000
-3856.00000000 -1040.00000000 -876.00000000
-4064.00000000 -1040.00000000 -876.00000000

0 736 -1 -1 3
-4064.00000000 -800.00000000 57.50000000
-3824.00000000 -1040.00000000 -100.00000000
-4064.00000000 -1040.00000000 -17.50000000

0 737 -1 -2 3
-4064.00000000 -1040.00000000 -17.50000000
-3824.00000000 -1040.00000000 -100.00000000
-4064.00000000 -800.00000000 57.50000000

0 33 -1 -1 3
-3888.00000000 -1008.00000000 -876.00000000
-3856.00000000 -1040.00000000 -876.00000000
-3856.00000000 -1008.00000000 -876.00000000

0 32 -1 -2 3
-3856.00000000 -1008.00000000 -876.00000000
-3856.00000000 -1040.00000000 -876.00000000
-3888.00000000 -1008.00000000 -876.00000000

0 33 -1 -1 5
-4064.00000000 -832.00000000 -876.00000000
-3888.00000000 -1008.00000000 -876.00000000
-3856.00000000 -1008.00000000 -876.00000000
-3856.00000000 -784.00000000 -876.00000000
-4064.00000000 -784.00000000 -876.00000000

0 32 -1 -2 5
-4064.00000000 -784.00000000 -876.00000000
-3856.00000000 -784.00000000 -876.00000000
-3856.00000000 -1008.00000000 -876.00000000
-3888.00000000 -1008.00000000 -876.00000000
-4064.00000000 -832.00000000 -876.00000000

0 33 -1 -1 3
-4064.00000000 -784.00000000 -876.00000000
-3856.00000000 -784.00000000 -876.00000000
-4064.00000000 -576.00000000 -876.00000000

0 32 -1 -2 3
-4064.00000000 -576.00000000 -876.00000000
-3856.00000000 -784.00000000 -876.00000000
-4064.00000000 -784.00000000 -876.00000000

0 810 -1 -1 4
-4064.00000000 -784.00000000 63.50000000
-3824.00000000 -784.00000000 -4.00000000
-3824.00000000 -1040.00000000 -100.00000000
-4064.00000000 -800.00000000 57.50000000

0 811 -1 -2 4
-4064.00000000 -800.00000000 57.50000000
-3824.00000000 -1040.00000000 -100.00000000
-3824.00000000 -784.00000000 -4.00000000
-4064.00000000 -784.00000000 63.50000000

0 832 -1 -1 3
-4064.00000000 -544.00000000 176.00000000
-3824.00000000 -784.00000000 -4.00000000
-4064.00000000 -784.00000000 63.50000000

0 833 -1 -2 3
-4064.00000000 -784.00000000 63.50000000
-3824.00000000 -784.00000000 -4.00000000
-4064.00000000 -544.00000000 176.00000000

0 33 -1 -1 3
-3888.00000000 -752.00000000 -876.00000000
-3856.00000000 -784.00000000 -876.00000000
-3856.00000000 -752.00000000 -876.00000000

0 32 -1 -2 3
-3856.00000000 -752.00000000 -876.00000000
-3856.00000000 -784.00000000 -876.00000000
-3888.00000000 -752.00000000 -876.00000000

0 33 -1 -1 5
-4064.00000000 -576.00000000 -876.00000000
-3888.00000000 -752.00000000 -876.00000000
-3856.00000000 -752.00000000 -876.00000000
-3856.00000000 -528.00000000 -876.00000000
-4064.00000000 -528.00000000 -876.00000000

0 32 -1 -2 5
-4064.00000000 -528.00000000 -876.00000000
-3856.00000000 -528.00000000 -876.00000000
-3856.00000000 -752.00000000 -876.00000000
-3888.00000000 -752.00000000 -876.00000000
-4064.00000000 -576.00000000 -876.00000000

0 854 -1 -1 4
-4064.00000000 -528.00000000 185.00000000
-3824.00000000 -528.00000000 140.00000000
-3824.00000000 -784.00000000 -4.00000000
-4064.00000000 -544.00000000 176.00000000

0 855 -1 -2 4
-4064.00000000 -544.00000000 176.00000000
-3824.00000000 -784.00000000 -4.00000000
-3824.00000000 -528.00000000 140.00000000
-4064.00000000 -528.00000000 185.00000000

0 33 -1 -1 3
-4064.00000000 -448.00000000 -876.00000000
-3888.00000000 -272.00000000 -876.00000000
-4064.00000000 -272.00000000 -876.00000000

0 32 -1 -2 3
-4064.00000000 -272.00000000 -876.00000000
-3888.00000000 -272.00000000 -876.00000000
-4064.00000000 -448.00000000 -876.00000000

0 874 -1 -1 3
-4064.00000000 -272.00000000 320.00000000
-3824.00000000 -272.00000000 260.00000000
-4064.00000000 -512.00000000 192.50000000

0 875 -1 -2 3
-4064.00000000 -512.00000000 192.50000000
-3824.00000000 -272.00000000 260.00000000
-4064.00000000 -272.00000000 320.00000000

0 33 -1 -1 4
-4064.00000000 -528.00000000 -876.00000000
-3856.00000000 -528.00000000 -876.00000000
-3856.00000000 -496.00000000 -876.00000000
-4064.00000000 -496.00000000 -876.00000000

0 32 -1 -2 4
-4064.00000000 -496.00000000 -876.00000000
-3856.00000000 -496.00000000 -876.00000000
-3856.00000000 -528.00000000 -876.00000000
-4064.00000000 -528.00000000 -876.00000000

0 33 -1 -1 5
-3888.00000000 -272.00000000 -876.00000000
-4064.00000000 -448.00000000 -876.00000000
-4064.00000000 -496.00000000 -876.00000000
-3856.00000000 -496.00000000 -876.00000000
-3856.00000000 -272.00000000 -876.00000000

0 32 -1 -2 5
-3856.00000000 -272.00000000 -876.00000000
-3856.00000000 -496.00000000 -876.00000000
-4064.00000000 -496.00000000 -876.00000000
-4064.00000000 -448.00000000 -876.00000000
-3888.00000000 -272.00000000 -876.00000000

0 33 -1 -1 3
-4064.00000000 -272.00000000 -876.00000000
-3856.00000000 -272.00000000 -876.00000000
-4064.00000000 -64.00000000 -876.00000000

0 32 -1 -2 3
-4064.00000000 -64.00000000 -876.00000000
-3856.00000000 -272.00000000 -876.00000000
-4064.00000000 -272.00000000 -876.00000000

0 920 -1 -1 4
-3824.00000000 -272.00000000 260.00000000
-3824.00000000 -528.00000000 140.00000000
-4064.00000000 -528.00000000 185.00000000
-4064.00000000 -512.00000000 192.50000000

0 970 -1 -1 3
-4064.00000000 -32.00000000 402.50000000
-3824.00000000 -272.00000000 260.00000000
-4064.00000000 -272.00000000 320.00000000

0 971 -1 -2 3
-4064.00000000 -272.00000000 320.00000000
-3824.00000000 -272.00000000 260.00000000
-4064.00000000 -32.00000000 402.50000000

0 921 -1 -2 4
-4064.00000000 -512.00000000 192.50000000
-4064.00000000 -528.00000000 185.00000000
-3824.00000000 -528.00000000 140.00000000
-3824.00000000 -272.00000000 260.00000000

0 33 -1 -1 3
-3888.00000000 -240.00000000 -876.00000000
-3856.00000000 -272.00000000 -876.00000000
-3856.00000000 -240.00000000 -876.00000000

0 32 -1 -2 3
-3856.00000000 -240.00000000 -876.00000000
-3856.00000000 -272.00000000 -876.00000000
-3888.00000000 -240.00000000 -876.00000000

0 33 -1 -1 5
-4064.00000000 -64.00000000 -876.00000000
-3888.00000000 -240.00000000 -876.00000000
-3856.00000000 -240.00000000 -876.00000000
-3856.00000000 -16.00000000 -876.00000000
-4064.00000000 -16.00000000 -876.00000000

0 32 -1 -2 5
-4064.00000000 -16.00000000 -876.00000000
-3856.00000000 -16.00000000 -876.00000000
-3856.00000000 -240.00000000 -876.00000000
-3888.00000000 -240.00000000 -876.00000000
-4064.00000000 -64.00000000 -876.00000000

0 976 -1 -1 4
-4064.00000000 -16.00000000 409.00000000
-3824.00000000 -16.00000000 364.00000000
-3824.00000000 -272.00000000 260.00000000
-4064.00000000 -32.00000000 402.50000000

0 977 -1 -2 4
-4064.00000000 -32.00000000 402.50000000
-3824.00000000 -272.00000000 260.00000000
-3824.00000000 -16.00000000 364.00000000
-4064.00000000 -16.00000000 409.00000000

0 33 -1 -1 3
-4064.00000000 64.00000000 -876.00000000
-3888.00000000 240.00000000 -876.00000000
-4064.00000000 240.00000000 -876.00000000

0 32 -1 -2 3
-4064.00000000 240.00000000 -876.00000000
-3888.00000000 240.00000000 -876.00000000
-4064.00000000 64.00000000 -876.00000000

0 1016 -1 -1 3
-4064.00000000 240.00000000 448.50000000
-3824.00000000 240.00000000 396.00000000
-4064.00000000 -0.00000000 411.00000000

0 1017 -1 -2 3
-4064.00000000 -0.00000000 411.00000000
-3824.00000000 240.00000000 396.00000000
-4064.00000000 240.00000000 448.50000000

0 33 -1 -1 4
-4064.00000000 -16.00000000 -876.00000000
-3856.00000000 -16.00000000 -876.00000000
-3856.00000000 16.00000000 -876.00000000
-4064.00000000 16.00000000 -876.00000000

0 32 -1 -2 4
-4064.00000000 16.00000000 -876.00000000
-3856.00000000 16.00000000 -876.00000000
-3856.00000000 -16.00000000 -876.00000000
-4064.00000000 -16.00000000 -876.00000000

0 33 -1 -1 5
-3888.00000000 240.00000000 -876.00000000
-4064.00000000 64.00000000 -876.00000000
-4064.00000000 16.00000000 -876.00000000
-3856.00000000 16.00000000 -876.00000000
-3856.00000000 240.00000000 -876.00000000

0 32 -1 -2 5
-3856.00000000 240.00000000 -876.00000000
-3856.00000000 16.00000000 -876.00000000
-4064.00000000 16.00000000 -876.00000000
-4064.00000000 64.00000000 -876.00000000
-3888.00000000 240.00000000 -876.00000000

0 1064 -1 -1 4
-4064.00000000 -0.00000000 411.00000000
-3824.00000000 240.00000000 396.00000000
-3824.00000000 -16.00000000 364.00000000
-4064.00000000 -16.00000000 409.00000000

0 1065 -1 -2 4
-4064.00000000 -16.00000000 409.00000000
-3824.00000000 -16.00000000 364.00000000
-3824.00000000 240.00000000 396.00000000
-4064.00000000 -0.00000000 411.00000000

0 33 -1 -1 3
-4064.00000000 240.00000000 -876.00000000
-3856.00000000 240.00000000 -876.00000000
-4064.00000000 448.00000000 -876.00000000

0 32 -1 -2 3
-4064.00000000 448.00000000 -876.00000000
-3856.00000000 240.00000000 -876.00000000
-4064.00000000 240.00000000 -876.00000000

0 1106 -1 -1 3
-4064.00000000 480.00000000 463.50000000
-3824.00000000 240.00000000 396.00000000
-4064.00000000 240.00000000 448.50000000

0 1107 -1 -2 3
-4064.00000000 240.00000000 448.50000000
-3824.00000000 240.00000000 396.00000000
-4064.00000000 480.00000000 463.50000000

0 33 -1 -1 3
-3888.00000000 272.00000000 -876.00000000
-3856.00000000 240.00000000 -876.00000000
-3856.00000000 272.00000000 -876.00000000

0 32 -1 -2 3
-3856.00000000 272.00000000 -876.00000000
-3856.00000000 240.00000000 -876.00000000
-3888.00000000 272.00000000 -876.00000000

0 33 -1 -1 5
-4064.00000000 448.00000000 -876.00000000
-3888.00000000 272.00000000 -876.00000000
-3856.00000000 272.00000000 -876.00000000
-3856.00000000 496.00000000 -876.00000000
-4064.00000000 496.00000000 -876.00000000

0 32 -1 -2 5
-4064.00000000 496.00000000 -876.00000000
-3856.00000000 496.00000000 -876.00000000
-3856.00000000 272.00000000 -876.00000000
-3888.00000000 272.00000000 -876.00000000
-4064.00000000 448.00000000 -876.00000000

0 1106 -1 -1 4
-4064.00000000 496.00000000 464.50000000
-3824.00000000 496.00000000 412.00000000
-3824.00000000 240.00000000 396.00000000
-4064.00000000 480.00000000 463.50000000

0 1107 -1 -2 4
-4064.00000000 480.00000000 463.50000000
-3824.00000000 240.00000000 396.00000000
-3824.00000000 496.00000000 412.00000000
-4064.00000000 496.00000000 464.50000000

0 33 -1 -1 3
-4064.00000000 496.00000000 -876.00000000
-3856.00000000 496.00000000 -876.00000000
-4064.00000000 704.00000000 -876.00000000

0 32 -1 -2 3
-4064.00000000 704.00000000 -876.00000000
-3856.00000000 496.00000000 -876.00000000
-4064.00000000 496.00000000 -876.00000000

0 1112 -1 -1 4
-4064.00000000 528.00000000 464.50000000
-3840.00000000 528.00000000 415.50000000
-3824.00000000 496.00000000 412.00000000
-4064.00000000 496.00000000 464.50000000

0 1113 -1 -2 4
-4064.00000000 496.00000000 464.50000000
-3824.00000000 496.00000000 412.00000000
-3840.00000000 528.00000000 415.50000000
-4064.00000000 528.00000000 464.50000000

0 1134 -1 -1 3
-3840.00000000 528.00000000 415.50000000
-4064.00000000 528.00000000 464.50000000
-4064.00000000 752.00000000 457.50000000

0 1135 -1 -2 3
-4064.00000000 752.00000000 457.50000000
-4064.00000000 528.00000000 464.50000000
-3840.00000000 528.00000000 415.50000000

0 33 -1 -1 3
-3888.00000000 528.00000000 -876.00000000
-3856.00000000 496.00000000 -876.00000000
-3856.00000000 528.00000000 -876.00000000

0 32 -1 -2 3
-3856.00000000 528.00000000 -876.00000000
-3856.00000000 496.00000000 -876.00000000
-3888.00000000 528.00000000 -876.00000000

0 33 -1 -1 5
-4064.00000000 704.00000000 -876.00000000
-3888.00000000 528.00000000 -876.00000000
-3856.00000000 528.00000000 -876.00000000
-3856.00000000 752.00000000 -876.00000000
-4064.00000000 752.00000000 -876.00000000

0 32 -1 -2 5
-4064.00000000 752.00000000 -876.00000000
-3856.00000000 752.00000000 -876.00000000
-3856.00000000 528.00000000 -876.00000000
-3888.00000000 528.00000000 -876.00000000
-4064.00000000 704.00000000 -876.00000000

0 1184 -1 -1 3
-3824.00000000 528.00000000 413.00000000
-3824.00000000 496.00000000 412.00000000
-3840.00000000 528.00000000 415.50000000

0 1185 -1 -2 3
-3840.00000000 528.00000000 415.50000000
-3824.00000000 496.00000000 412.00000000
-3824.00000000 528.00000000 413.00000000

0 1184 -1 -1 5
-4064.00000000 752.00000000 457.50000000
-3829.33333333 752.00000000 420.83333333
-3824.00000000 749.09090909 419.90909091
-3824.00000000 528.00000000 413.00000000
-3840.00000000 528.00000000 415.50000000

0 1185 -1 -2 5
-3840.00000000 528.00000000 415.50000000
-3824.00000000 528.00000000 413.00000000
-3824.00000000 749.09090909 419.90909091
-3829.33333333 752.00000000 420.83333333
-4064.00000000 752.00000000 457.50000000

0 33 -1 -1 3
-4064.00000000 752.00000000 -876.00000000
-3856.00000000 752.00000000 -876.00000000
-4064.00000000 960.00000000 -876.00000000

0 32 -1 -2 3
-4064.00000000 960.00000000 -876.00000000
-3856.00000000 752.00000000 -876.00000000
-4064.00000000 752.00000000 -876.00000000

0 1188 -1 -1 5
-4064.00000000 784.00000000 457.50000000
-3849.60000000 784.00000000 424.00000000
-3829.33333333 758.66666667 420.83333333
-3829.33333333 752.00000000 420.83333333
-4064.00000000 752.00000000 457.50000000

0 1189 -1 -2 5
-4064.00000000 752.00000000 457.50000000
-3829.33333333 752.00000000 420.83333333
-3829.33333333 758.66666667 420.83333333
-3849.60000000 784.00000000 424.00000000
-4064.00000000 784.00000000 457.50000000

0 1216 -1 -1 3
-3849.60000000 784.00000000 424.00000000
-4064.00000000 784.00000000 457.50000000
-4064.00000000 881.45454545 436.18181818

0 1217 -1 -2 3
-4064.00000000 881.45454545 436.18181818
-4064.00000000 784.00000000 457.50000000
-3849.60000000 784.00000000 424.00000000

0 1216 -1 -1 3
-3856.00000000 786.90909091 424.36363636
-4064.00000000 881.45454545 436.18181818
-4064.00000000 994.90909091 411.36363636

0 1217 -1 -2 3
-4064.00000000 994.90909091 411.36363636
-4064.00000000 881.45454545 436.18181818
-3856.00000000 786.90909091 424.36363636

0 33 -1 -1 3
-3888.00000000 784.00000000 -876.00000000
-3856.00000000 752.00000000 -876.00000000
-3856.00000000 784.00000000 -876.00000000

0 32 -1 -2 3
-3856.00000000 784.00000000 -876.00000000
-3856.00000000 752.00000000 -876.00000000
-3888.00000000 784.00000000 -876.00000000

0 33 -1 -1 5
-4064.00000000 960.00000000 -876.00000000
-3888.00000000 784.00000000 -876.00000000
-3856.00000000 784.00000000 -876.00000000
-3856.00000000 1008.00000000 -876.00000000
-4064.00000000 1008.00000000 -876.00000000

0 32 -1 -2 5
-4064.00000000 1008.00000000 -876.00000000
-3856.00000000 1008.00000000 -876.00000000
-3856.00000000 784.00000000 -876.00000000
-3888.00000000 784.00000000 -876.00000000
-4064.00000000 960.00000000 -876.00000000

0 1224 -1 -1 4
-3856.00000000 1008.00000000 452.00000000
-3856.00000000 786.90909091 424.36363636
-4064.00000000 994.90909091 411.36363636
-4064.00000000 1008.00000000 413.00000000

0 1225 -1 -2 4
-4064.00000000 1008.00000000 413.00000000
-4064.00000000 994.90909091 411.36363636
-3856.00000000 786.90909091 424.36363636
-3856.00000000 1008.00000000 452.00000000

0 33 -1 -1 3
-4064.00000000 1088.00000000 -876.00000000
-3888.00000000 1264.00000000 -876.00000000
-4064.00000000 1264.00000000 -876.00000000

0 32 -1 -2 3
-4064.00000000 1264.00000000 -876.00000000
-3888.00000000 1264.00000000 -876.00000000
-4064.00000000 1088.00000000 -876.00000000

0 1260 -1 -1 3
-4064.00000000 1264.00000000 503.00000000
-3833.60000000 1264.00000000 431.00000000
-4064.00000000 1120.00000000 444.50000000

0 1261 -1 -2 3
-4064.00000000 1120.00000000 444.50000000
-3833.60000000 1264.00000000 431.00000000
-4064.00000000 1264.00000000 503.00000000

0 1260 -1 -1 3
-4064.00000000 1042.00000000 412.81250000
-4064.00000000 1120.00000000 444.50000000
-3856.00000000 1250.00000000 432.31250000

0 1261 -1 -2 3
-3856.00000000 1250.00000000 432.31250000
-4064.00000000 1120.00000000 444.50000000
-4064.00000000 1042.00000000 412.81250000

0 33 -1 -1 4
-4064.00000000 1008.00000000 -876.00000000
-3856.00000000 1008.00000000 -876.00000000
-3856.00000000 1040.00000000 -876.00000000
-4064.00000000 1040.00000000 -876.00000000

0 32 -1 -2 4
