0 7 2 -1 3
-1280.00000000 -1344.00000000 16.00000000
-1344.00000000 -1344.00000000 16.00000000
-1280.00000000 -1408.00000000 16.00000000

0 6 2 -2 3
-1280.00000000 -1408.00000000 16.00000000
-1344.00000000 -1344.00000000 16.00000000
-1280.00000000 -1344.00000000 16.00000000

0 7 2 -1 3
-1344.00000000 -1344.00000000 16.00000000
-1408.00000000 -1344.00000000 16.00000000
-1344.00000000 -1408.00000000 16.00000000

0 6 2 -2 3
-1344.00000000 -1408.00000000 16.00000000
-1408.00000000 -1344.00000000 16.00000000
-1344.00000000 -1344.00000000 16.00000000

0 60 0 -1 3
-1344.00000000 -1344.00000000 378.57900000
-1280.00000000 -1344.00000000 308.52300000
-1280.00000000 -1408.00000000 323.90800000

0 61 0 -2 3
-1280.00000000 -1408.00000000 323.90800000
-1280.00000000 -1344.00000000 308.52300000
-1344.00000000 -1344.00000000 378.57900000

0 14 2 -1 3
-1408.00000000 -1344.00000000 423.51900000
-1344.00000000 -1344.00000000 378.57900000
-1344.00000000 -1408.00000000 390.49700000

0 15 2 -2 3
-1344.00000000 -1408.00000000 390.49700000
-1344.00000000 -1344.00000000 378.57900000
-1408.00000000 -1344.00000000 423.51900000

0 7 2 -1 3
-1344.00000000 -1344.00000000 16.00000000
-1344.00000000 -1408.00000000 16.00000000
-1280.00000000 -1408.00000000 16.00000000

0 6 2 -2 3
-1280.00000000 -1408.00000000 16.00000000
-1344.00000000 -1408.00000000 16.00000000
-1344.00000000 -1344.00000000 16.00000000

0 3 1 -1 4
-1280.00000000 -1408.00000000 323.90800000
-1280.00000000 -1408.00000000 16.00000000
-1344.00000000 -1408.00000000 16.00000000
-1344.00000000 -1408.00000000 390.49700000

0 2 1 -2 4
-1344.00000000 -1408.00000000 390.49700000
-1344.00000000 -1408.00000000 16.00000000
-1280.00000000 -1408.00000000 16.00000000
-1280.00000000 -1408.00000000 323.90800000

0 32 0 -1 3
-1280.00000000 -1408.00000000 323.90800000
-1344.00000000 -1408.00000000 390.49700000
-1344.00000000 -1344.00000000 378.57900000

0 33 0 -2 3
-1344.00000000 -1344.00000000 378.57900000
-1344.00000000 -1408.00000000 390.49700000
-1280.00000000 -1408.00000000 323.90800000

0 7 2 -1 3
-1280.00000000 -1344.00000000 16.00000000
-1280.00000000 -1408.00000000 16.00000000
-1216.00000000 -1408.00000000 16.00000000

0 6 2 -2 3
-1216.00000000 -1408.00000000 16.00000000
-1280.00000000 -1408.00000000 16.00000000
-1280.00000000 -1344.00000000 16.00000000

0 3 1 -1 4
-1216.00000000 -1408.00000000 271.16700000
-1216.00000000 -1408.00000000 16.00000000
-1280.00000000 -1408.00000000 16.00000000
-1280.00000000 -1408.00000000 323.90800000

0 2 1 -2 4
-1280.00000000 -1408.00000000 323.90800000
-1280.00000000 -1408.00000000 16.00000000
-1216.00000000 -1408.00000000 16.00000000
-1216.00000000 -1408.00000000 271.16700000

0 160 2 -1 3
-1216.00000000 -1408.00000000 271.16700000
-1280.00000000 -1408.00000000 323.90800000
-1280.00000000 -1344.00000000 308.52300000

0 161 2 -2 3
-1280.00000000 -1344.00000000 308.52300000
-1280.00000000 -1408.00000000 323.90800000
-1216.00000000 -1408.00000000 271.16700000

0 7 2 -1 3
-1216.00000000 -1344.00000000 16.00000000
-1280.00000000 -1344.00000000 16.00000000
-1216.00000000 -1408.00000000 16.00000000

0 6 2 -2 3
-1216.00000000 -1408.00000000 16.00000000
-1280.00000000 -1344.00000000 16.00000000
-1216.00000000 -1344.00000000 16.00000000

0 172 2 -1 3
-1280.00000000 -1344.00000000 308.52300000
-1216.00000000 -1344.00000000 268.50500000
-1216.00000000 -1408.00000000 271.16700000

0 173 2 -2 3
-1216.00000000 -1408.00000000 271.16700000
-1216.00000000 -1344.00000000 268.50500000
-1280.00000000 -1344.00000000 308.52300000

0 7 2 -1 3
-1216.00000000 -1344.00000000 16.00000000
-1216.00000000 -1408.00000000 16.00000000
-1152.00000000 -1408.00000000 16.00000000

0 6 2 -2 3
-1152.00000000 -1408.00000000 16.00000000
-1216.00000000 -1408.00000000 16.00000000
-1216.00000000 -1344.00000000 16.00000000

0 3 1 -1 4
-1152.00000000 -1408.00000000 256.46800000
-1152.00000000 -1408.00000000 16.00000000
-1216.00000000 -1408.00000000 16.00000000
-1216.00000000 -1408.00000000 271.16700000

0 2 1 -2 4
-1216.00000000 -1408.00000000 271.16700000
-1216.00000000 -1408.00000000 16.00000000
-1152.00000000 -1408.00000000 16.00000000
-1152.00000000 -1408.00000000 256.46800000

0 190 2 -1 3
-1152.00000000 -1408.00000000 256.46800000
-1216.00000000 -1408.00000000 271.16700000
-1216.00000000 -1344.00000000 268.50500000

0 191 2 -2 3
-1216.00000000 -1344.00000000 268.50500000
-1216.00000000 -1408.00000000 271.16700000
-1152.00000000 -1408.00000000 256.46800000

0 7 2 -1 3
-1408.00000000 -1344.00000000 16.00000000
-1408.00000000 -1408.00000000 16.00000000
-1344.00000000 -1408.00000000 16.00000000

0 6 2 -2 3
-1344.00000000 -1408.00000000 16.00000000
-1408.00000000 -1408.00000000 16.00000000
-1408.00000000 -1344.00000000 16.00000000

0 3 1 -1 4
-1344.00000000 -1408.00000000 390.49700000
-1344.00000000 -1408.00000000 16.00000000
-1408.00000000 -1408.00000000 16.00000000
-1408.00000000 -1408.00000000 427.24100000

0 2 1 -2 4
-1408.00000000 -1408.00000000 427.24100000
-1408.00000000 -1408.00000000 16.00000000
-1344.00000000 -1408.00000000 16.00000000
-1344.00000000 -1408.00000000 390.49700000

0 1 0 -1 4
-1408.00000000 -1408.00000000 427.24100000
-1408.00000000 -1408.00000000 16.00000000
-1408.00000000 -1344.00000000 16.00000000
-1408.00000000 -1344.00000000 423.51900000

0 0 0 -2 4
-1408.00000000 -1344.00000000 423.51900000
-1408.00000000 -1344.00000000 16.00000000
-1408.00000000 -1408.00000000 16.00000000
-1408.00000000 -1408.00000000 427.24100000

0 8 2 -1 3
-1344.00000000 -1408.00000000 390.49700000
-1408.00000000 -1408.00000000 427.24100000
-1408.00000000 -1344.00000000 423.51900000

0 9 2 -2 3
-1408.00000000 -1344.00000000 423.51900000
-1408.00000000 -1408.00000000 427.24100000
-1344.00000000 -1408.00000000 390.49700000

0 7 2 -1 3
-1152.00000000 -1344.00000000 16.00000000
-1216.00000000 -1344.00000000 16.00000000
-1152.00000000 -1408.00000000 16.00000000

0 6 2 -2 3
-1152.00000000 -1408.00000000 16.00000000
-1216.00000000 -1344.00000000 16.00000000
-1152.00000000 -1344.00000000 16.00000000

0 194 2 -1 3
-1216.00000000 -1344.00000000 268.50500000
-1152.00000000 -1344.00000000 258.76700000
-1152.00000000 -1408.00000000 256.46800000

0 195 2 -2 3
-1152.00000000 -1408.00000000 256.46800000
-1152.00000000 -1344.00000000 258.76700000
-1216.00000000 -1344.00000000 268.50500000

0 7 2 -1 3
-1152.00000000 -1344.00000000 16.00000000
-1152.00000000 -1408.00000000 16.00000000
-1088.00000000 -1408.00000000 16.00000000

0 6 2 -2 3
-1088.00000000 -1408.00000000 16.00000000
-1152.00000000 -1408.00000000 16.00000000
-1152.00000000 -1344.00000000 16.00000000

0 3 1 -1 4
-1088.00000000 -1408.00000000 254.58400000
-1088.00000000 -1408.00000000 16.00000000
-1152.00000000 -1408.00000000 16.00000000
-1152.00000000 -1408.00000000 256.46800000

0 2 1 -2 4
-1152.00000000 -1408.00000000 256.46800000
-1152.00000000 -1408.00000000 16.00000000
-1088.00000000 -1408.00000000 16.00000000
-1088.00000000 -1408.00000000 254.58400000

0 278 2 -1 3
-1088.00000000 -1408.00000000 254.58400000
-1152.00000000 -1408.00000000 256.46800000
-1152.00000000 -1344.00000000 258.76700000

0 279 2 -2 3
-1152.00000000 -1344.00000000 258.76700000
-1152.00000000 -1408.00000000 256.46800000
-1088.00000000 -1408.00000000 254.58400000

0 7 2 -1 3
-1088.00000000 -1344.00000000 16.00000000
-1152.00000000 -1344.00000000 16.00000000
-1088.00000000 -1408.00000000 16.00000000

0 6 2 -2 3
-1088.00000000 -1408.00000000 16.00000000
-1152.00000000 -1344.00000000 16.00000000
-1088.00000000 -1344.00000000 16.00000000

0 284 2 -1 3
-1152.00000000 -1344.00000000 258.76700000
-1088.00000000 -1344.00000000 255.64500000
-1088.00000000 -1408.00000000 254.58400000

0 285 2 -2 3
-1088.00000000 -1408.00000000 254.58400000
-1088.00000000 -1344.00000000 255.64500000
-1152.00000000 -1344.00000000 258.76700000

0 7 2 -1 3
-1088.00000000 -1344.00000000 16.00000000
-1088.00000000 -1408.00000000 16.00000000
-1024.00000000 -1408.00000000 16.00000000

0 6 2 -2 3
-1024.00000000 -1408.00000000 16.00000000
-1088.00000000 -1408.00000000 16.00000000
-1088.00000000 -1344.00000000 16.00000000

0 3 1 -1 4
-1024.00000000 -1408.00000000 250.90700000
-1024.00000000 -1408.00000000 16.00000000
-1088.00000000 -1408.00000000 16.00000000
-1088.00000000 -1408.00000000 254.58400000

0 2 1 -2 4
-1088.00000000 -1408.00000000 254.58400000
-1088.00000000 -1408.00000000 16.00000000
-1024.00000000 -1408.00000000 16.00000000
-1024.00000000 -1408.00000000 250.90700000

0 7 2 -1 3
-1024.00000000 -1344.00000000 16.00000000
-1088.00000000 -1344.00000000 16.00000000
-1024.00000000 -1408.00000000 16.00000000

0 6 2 -2 3
-1024.00000000 -1408.00000000 16.00000000
-1088.00000000 -1344.00000000 16.00000000
-1024.00000000 -1344.00000000 16.00000000

0 7 2 -1 3
-1024.00000000 -1344.00000000 16.00000000
-1024.00000000 -1408.00000000 16.00000000
-960.00000000 -1408.00000000 16.00000000

0 6 2 -2 3
-960.00000000 -1408.00000000 16.00000000
-1024.00000000 -1408.00000000 16.00000000
-1024.00000000 -1344.00000000 16.00000000

0 324 2 -1 3
-1024.00000000 -1408.00000000 250.90700000
-1088.00000000 -1408.00000000 254.58400000
-1088.00000000 -1344.00000000 255.64500000

0 325 2 -2 3
-1088.00000000 -1344.00000000 255.64500000
-1088.00000000 -1408.00000000 254.58400000
-1024.00000000 -1408.00000000 250.90700000

0 3 1 -1 4
-960.00000000 -1408.00000000 250.08000000
-960.00000000 -1408.00000000 16.00000000
-1024.00000000 -1408.00000000 16.00000000
-1024.00000000 -1408.00000000 250.90700000

0 2 1 -2 4
-1024.00000000 -1408.00000000 250.90700000
-1024.00000000 -1408.00000000 16.00000000
-960.00000000 -1408.00000000 16.00000000
-960.00000000 -1408.00000000 250.08000000

0 326 2 -1 3
-1088.00000000 -1344.00000000 255.64500000
-1024.00000000 -1344.00000000 253.32300000
-1024.00000000 -1408.00000000 250.90700000

0 390 2 -1 3
-960.00000000 -1408.00000000 250.08000000
-1024.00000000 -1408.00000000 250.90700000
-1024.00000000 -1344.00000000 253.32300000

0 391 2 -2 3
-1024.00000000 -1344.00000000 253.32300000
-1024.00000000 -1408.00000000 250.90700000
-960.00000000 -1408.00000000 250.08000000

0 327 2 -2 3
-1024.00000000 -1408.00000000 250.90700000
-1024.00000000 -1344.00000000 253.32300000
-1088.00000000 -1344.00000000 255.64500000

0 7 2 -1 3
-960.00000000 -1344.00000000 16.00000000
-1024.00000000 -1344.00000000 16.00000000
-960.00000000 -1408.00000000 16.00000000

0 6 2 -2 3
-960.00000000 -1408.00000000 16.00000000
-1024.00000000 -1344.00000000 16.00000000
-960.00000000 -1344.00000000 16.00000000

0 398 2 -1 3
-1024.00000000 -1344.00000000 253.32300000
-960.00000000 -1344.00000000 251.23500000
-960.00000000 -1408.00000000 250.08000000

0 399 2 -2 3
-960.00000000 -1408.00000000 250.08000000
-960.00000000 -1344.00000000 251.23500000
-1024.00000000 -1344.00000000 253.32300000

0 7 2 -1 3
-960.00000000 -1344.00000000 16.00000000
-960.00000000 -1408.00000000 16.00000000
-896.00000000 -1408.00000000 16.00000000

0 6 2 -2 3
-896.00000000 -1408.00000000 16.00000000
-960.00000000 -1408.00000000 16.00000000
-960.00000000 -1344.00000000 16.00000000

0 3 1 -1 4
-896.00000000 -1408.00000000 250.04300000
-896.00000000 -1408.00000000 16.00000000
-960.00000000 -1408.00000000 16.00000000
-960.00000000 -1408.00000000 250.08000000

0 2 1 -2 4
-960.00000000 -1408.00000000 250.08000000
-960.00000000 -1408.00000000 16.00000000
-896.00000000 -1408.00000000 16.00000000
-896.00000000 -1408.00000000 250.04300000

0 7 2 -1 3
-896.00000000 -1344.00000000 16.00000000
-960.00000000 -1344.00000000 16.00000000
-896.00000000 -1408.00000000 16.00000000

0 6 2 -2 3
-896.00000000 -1408.00000000 16.00000000
-960.00000000 -1344.00000000 16.00000000
-896.00000000 -1344.00000000 16.00000000

0 432 2 -1 3
-896.00000000 -1408.00000000 250.04300000
-960.00000000 -1408.00000000 250.08000000
-960.00000000 -1344.00000000 251.23500000

0 433 2 -2 3
-960.00000000 -1344.00000000 251.23500000
-960.00000000 -1408.00000000 250.08000000
-896.00000000 -1408.00000000 250.04300000

0 436 2 -1 3
-960.00000000 -1344.00000000 251.23500000
-896.00000000 -1344.00000000 251.09700000
-896.00000000 -1408.00000000 250.04300000

0 437 2 -2 3
-896.00000000 -1408.00000000 250.04300000
-896.00000000 -1344.00000000 251.09700000
-960.00000000 -1344.00000000 251.23500000

0 7 2 -1 3
-896.00000000 -1344.00000000 16.00000000
-896.00000000 -1408.00000000 16.00000000
-832.00000000 -1408.00000000 16.00000000

0 6 2 -2 3
-832.00000000 -1408.00000000 16.00000000
-896.00000000 -1408.00000000 16.00000000
-896.00000000 -1344.00000000 16.00000000

0 3 1 -1 4
-832.00000000 -1408.00000000 247.43500000
-832.00000000 -1408.00000000 16.00000000
-896.00000000 -1408.00000000 16.00000000
-896.00000000 -1408.00000000 250.04300000

0 2 1 -2 4
-896.00000000 -1408.00000000 250.04300000
-896.00000000 -1408.00000000 16.00000000
-832.00000000 -1408.00000000 16.00000000
-832.00000000 -1408.00000000 247.43500000

0 508 2 -1 3
-832.00000000 -1408.00000000 247.43500000
-896.00000000 -1408.00000000 250.04300000
-896.00000000 -1344.00000000 251.09700000

0 509 2 -2 3
-896.00000000 -1344.00000000 251.09700000
-896.00000000 -1408.00000000 250.04300000
-832.00000000 -1408.00000000 247.43500000

0 7 2 -1 3
-832.00000000 -1344.00000000 16.00000000
-896.00000000 -1344.00000000 16.00000000
-832.00000000 -1408.00000000 16.00000000

0 6 2 -2 3
-832.00000000 -1408.00000000 16.00000000
-896.00000000 -1344.00000000 16.00000000
-832.00000000 -1344.00000000 16.00000000

0 512 2 -1 3
-896.00000000 -1344.00000000 251.09700000
-832.00000000 -1344.00000000 249.70600000
-832.00000000 -1408.00000000 247.43500000

0 513 2 -2 3
-832.00000000 -1408.00000000 247.43500000
-832.00000000 -1344.00000000 249.70600000
-896.00000000 -1344.00000000 251.09700000

0 7 2 -1 3
-832.00000000 -1344.00000000 16.00000000
-832.00000000 -1408.00000000 16.00000000
-768.00000000 -1408.00000000 16.00000000

0 6 2 -2 3
-768.00000000 -1408.00000000 16.00000000
-832.00000000 -1408.00000000 16.00000000
-832.00000000 -1344.00000000 16.00000000

0 3 1 -1 4
-768.00000000 -1408.00000000 245.13900000
-768.00000000 -1408.00000000 16.00000000
-832.00000000 -1408.00000000 16.00000000
-832.00000000 -1408.00000000 247.43500000

0 2 1 -2 4
-832.00000000 -1408.00000000 247.43500000
-832.00000000 -1408.00000000 16.00000000
-768.00000000 -1408.00000000 16.00000000
-768.00000000 -1408.00000000 245.13900000

0 536 2 -1 3
-768.00000000 -1408.00000000 245.13900000
-832.00000000 -1408.00000000 247.43500000
-832.00000000 -1344.00000000 249.70600000

0 537 2 -2 3
-832.00000000 -1344.00000000 249.70600000
-832.00000000 -1408.00000000 247.43500000
-768.00000000 -1408.00000000 245.13900000

0 7 2 -1 3
-768.00000000 -1344.00000000 16.00000000
-832.00000000 -1344.00000000 16.00000000
-768.00000000 -1408.00000000 16.00000000

0 6 2 -2 3
-768.00000000 -1408.00000000 16.00000000
-832.00000000 -1344.00000000 16.00000000
-768.00000000 -1344.00000000 16.00000000

0 604 2 -1 3
-832.00000000 -1344.00000000 249.70600000
-768.00000000 -1344.00000000 251.16000000
-768.00000000 -1408.00000000 245.13900000

0 605 2 -2 3
-768.00000000 -1408.00000000 245.13900000
-768.00000000 -1344.00000000 251.16000000
-832.00000000 -1344.00000000 249.70600000

0 7 2 -1 3
-768.00000000 -1344.00000000 16.00000000
-768.00000000 -1408.00000000 16.00000000
-704.00000000 -1408.00000000 16.00000000

0 6 2 -2 3
-704.00000000 -1408.00000000 16.00000000
-768.00000000 -1408.00000000 16.00000000
-768.00000000 -1344.00000000 16.00000000

0 3 1 -1 4
-704.00000000 -1408.00000000 252.64700000
-704.00000000 -1408.00000000 16.00000000
-768.00000000 -1408.00000000 16.00000000
-768.00000000 -1408.00000000 245.13900000

0 2 1 -2 4
-768.00000000 -1408.00000000 245.13900000
-768.00000000 -1408.00000000 16.00000000
-704.00000000 -1408.00000000 16.00000000
-704.00000000 -1408.00000000 252.64700000

0 612 2 -1 3
-704.00000000 -1408.00000000 252.64700000
-768.00000000 -1408.00000000 245.13900000
-768.00000000 -1344.00000000 251.16000000

0 613 2 -2 3
-768.00000000 -1344.00000000 251.16000000
-768.00000000 -1408.00000000 245.13900000
-704.00000000 -1408.00000000 252.64700000

0 7 2 -1 3
-704.00000000 -1344.00000000 16.00000000
-768.00000000 -1344.00000000 16.00000000
-704.00000000 -1408.00000000 16.00000000

0 6 2 -2 3
-704.00000000 -1408.00000000 16.00000000
-768.00000000 -1344.00000000 16.00000000
-704.00000000 -1344.00000000 16.00000000

0 632 2 -1 3
-768.00000000 -1344.00000000 251.16000000
-704.00000000 -1344.00000000 258.88000000
-704.00000000 -1408.00000000 252.64700000

0 633 2 -2 3
-704.00000000 -1408.00000000 252.64700000
-704.00000000 -1344.00000000 258.88000000
-768.00000000 -1344.00000000 251.16000000

0 7 2 -1 3
-704.00000000 -1344.00000000 16.00000000
-704.00000000 -1408.00000000 16.00000000
-640.00000000 -1408.00000000 16.00000000

0 6 2 -2 3
-640.00000000 -1408.00000000 16.00000000
-704.00000000 -1408.00000000 16.00000000
-704.00000000 -1344.00000000 16.00000000

0 7 2 -1 3
-640.00000000 -1344.00000000 16.00000000
-704.00000000 -1344.00000000 16.00000000
-640.00000000 -1408.00000000 16.00000000

0 6 2 -2 3
-640.00000000 -1408.00000000 16.00000000
-704.00000000 -1344.00000000 16.00000000
-640.00000000 -1344.00000000 16.00000000

0 3 1 -1 4
-640.00000000 -1408.00000000 220.92200000
-640.00000000 -1408.00000000 16.00000000
-704.00000000 -1408.00000000 16.00000000
-704.00000000 -1408.00000000 252.64700000

0 2 1 -2 4
-704.00000000 -1408.00000000 252.64700000
-704.00000000 -1408.00000000 16.00000000
-640.00000000 -1408.00000000 16.00000000
-640.00000000 -1408.00000000 220.92200000

0 698 2 -1 3
-704.00000000 -1344.00000000 258.88000000
-640.00000000 -1344.00000000 222.23300000
-640.00000000 -1408.00000000 220.92200000

0 699 2 -2 3
-640.00000000 -1408.00000000 220.92200000
-640.00000000 -1344.00000000 222.23300000
-704.00000000 -1344.00000000 258.88000000

0 688 2 -1 3
-640.00000000 -1408.00000000 220.92200000
-704.00000000 -1408.00000000 252.64700000
-704.00000000 -1344.00000000 258.88000000

0 689 2 -2 3
-704.00000000 -1344.00000000 258.88000000
-704.00000000 -1408.00000000 252.64700000
-640.00000000 -1408.00000000 220.92200000

0 7 2 -1 3
-640.00000000 -1344.00000000 16.00000000
-640.00000000 -1408.00000000 16.00000000
-576.00000000 -1408.00000000 16.00000000

0 6 2 -2 3
-576.00000000 -1408.00000000 16.00000000
-640.00000000 -1408.00000000 16.00000000
-640.00000000 -1344.00000000 16.00000000

0 3 1 -1 4
-576.00000000 -1408.00000000 166.63400000
-576.00000000 -1408.00000000 16.00000000
-640.00000000 -1408.00000000 16.00000000
-640.00000000 -1408.00000000 220.92200000

0 2 1 -2 4
-640.00000000 -1408.00000000 220.92200000
-640.00000000 -1408.00000000 16.00000000
-576.00000000 -1408.00000000 16.00000000
-576.00000000 -1408.00000000 166.63400000

0 734 2 -1 3
-576.00000000 -1408.00000000 166.63400000
-640.00000000 -1408.00000000 220.92200000
-640.00000000 -1344.00000000 222.23300000

0 735 2 -2 3
-640.00000000 -1344.00000000 222.23300000
-640.00000000 -1408.00000000 220.92200000
-576.00000000 -1408.00000000 166.63400000

0 7 2 -1 3
-576.00000000 -1344.00000000 16.00000000
-640.00000000 -1344.00000000 16.00000000
-576.00000000 -1408.00000000 16.00000000

0 6 2 -2 3
-576.00000000 -1408.00000000 16.00000000
-640.00000000 -1344.00000000 16.00000000
-576.00000000 -1344.00000000 16.00000000

0 748 0 -1 3
-640.00000000 -1344.00000000 222.23300000
-576.00000000 -1344.00000000 156.48500000
-576.00000000 -1408.00000000 166.63400000

0 749 0 -2 3
-576.00000000 -1408.00000000 166.63400000
-576.00000000 -1344.00000000 156.48500000
-640.00000000 -1344.00000000 222.23300000

0 7 2 -1 3
-576.00000000 -1344.00000000 16.00000000
-576.00000000 -1408.00000000 16.00000000
-512.00000000 -1408.00000000 16.00000000

0 6 2 -2 3
-512.00000000 -1408.00000000 16.00000000
-576.00000000 -1408.00000000 16.00000000
-576.00000000 -1344.00000000 16.00000000

0 7 2 -1 3
-512.00000000 -1344.00000000 16.00000000
-512.00000000 -1408.00000000 16.00000000
-448.00000000 -1408.00000000 16.00000000

0 6 2 -2 3
-448.00000000 -1408.00000000 16.00000000
-512.00000000 -1408.00000000 16.00000000
-512.00000000 -1344.00000000 16.00000000

0 3 1 -1 4
-512.00000000 -1408.00000000 119.06900000
-512.00000000 -1408.00000000 16.00000000
-576.00000000 -1408.00000000 16.00000000
-576.00000000 -1408.00000000 166.63400000

0 2 1 -2 4
-576.00000000 -1408.00000000 166.63400000
-576.00000000 -1408.00000000 16.00000000
-512.00000000 -1408.00000000 16.00000000
-512.00000000 -1408.00000000 119.06900000

0 3 1 -1 4
-448.00000000 -1408.00000000 97.58810000
-448.00000000 -1408.00000000 16.00000000
-512.00000000 -1408.00000000 16.00000000
-512.00000000 -1408.00000000 119.06900000

0 2 1 -2 4
-512.00000000 -1408.00000000 119.06900000
-512.00000000 -1408.00000000 16.00000000
-448.00000000 -1408.00000000 16.00000000
-448.00000000 -1408.00000000 97.58810000

0 790 2 -1 3
-512.00000000 -1408.00000000 119.06900000
-576.00000000 -1408.00000000 166.63400000
-576.00000000 -1344.00000000 156.48500000

0 7 2 -1 3
-512.00000000 -1344.00000000 16.00000000
-576.00000000 -1344.00000000 16.00000000
-512.00000000 -1408.00000000 16.00000000

0 6 2 -2 3
-512.00000000 -1408.00000000 16.00000000
-576.00000000 -1344.00000000 16.00000000
-512.00000000 -1344.00000000 16.00000000

0 832 2 -1 3
-448.00000000 -1408.00000000 97.58810000
-512.00000000 -1408.00000000 119.06900000
-512.00000000 -1344.00000000 119.07100000

0 833 2 -2 3
-512.00000000 -1344.00000000 119.07100000
-512.00000000 -1408.00000000 119.06900000
-448.00000000 -1408.00000000 97.58810000

0 791 2 -2 3
-576.00000000 -1344.00000000 156.48500000
-576.00000000 -1408.00000000 166.63400000
-512.00000000 -1408.00000000 119.06900000

0 808 2 -1 3
-576.00000000 -1344.00000000 156.48400000
-512.00000000 -1344.00000000 119.07100000
-512.00000000 -1408.00000000 119.06900000

0 809 2 -2 3
-512.00000000 -1408.00000000 119.06900000
-512.00000000 -1344.00000000 119.07100000
-576.00000000 -1344.00000000 156.48400000

0 7 2 -1 3
-448.00000000 -1344.00000000 16.00000000
-512.00000000 -1344.00000000 16.00000000
-448.00000000 -1408.00000000 16.00000000

0 6 2 -2 3
-448.00000000 -1408.00000000 16.00000000
-512.00000000 -1344.00000000 16.00000000
-448.00000000 -1344.00000000 16.00000000

0 860 2 -1 3
-512.00000000 -1344.00000000 119.07100000
-448.00000000 -1344.00000000 99.72590000
-448.00000000 -1408.00000000 97.58790000

0 861 2 -2 3
-448.00000000 -1408.00000000 97.58790000
-448.00000000 -1344.00000000 99.72590000
-512.00000000 -1344.00000000 119.07100000

0 7 2 -1 3
-448.00000000 -1344.00000000 16.00000000
-448.00000000 -1408.00000000 16.00000000
-384.00000000 -1408.00000000 16.00000000

0 6 2 -2 3
-384.00000000 -1408.00000000 16.00000000
-448.00000000 -1408.00000000 16.00000000
-448.00000000 -1344.00000000 16.00000000

0 3 1 -1 4
-384.00000000 -1408.00000000 96.59700000
-384.00000000 -1408.00000000 16.00000000
-448.00000000 -1408.00000000 16.00000000
-448.00000000 -1408.00000000 97.58800000

0 2 1 -2 4
-448.00000000 -1408.00000000 97.58800000
-448.00000000 -1408.00000000 16.00000000
-384.00000000 -1408.00000000 16.00000000
-384.00000000 -1408.00000000 96.59700000

0 898 2 -1 3
-384.00000000 -1408.00000000 96.59700000
-448.00000000 -1408.00000000 97.58800000
-448.00000000 -1344.00000000 99.72600000

0 899 2 -2 3
-448.00000000 -1344.00000000 99.72600000
-448.00000000 -1408.00000000 97.58800000
-384.00000000 -1408.00000000 96.59700000

0 7 2 -1 3
-384.00000000 -1344.00000000 16.00000000
-448.00000000 -1344.00000000 16.00000000
-384.00000000 -1408.00000000 16.00000000

0 6 2 -2 3
-384.00000000 -1408.00000000 16.00000000
-448.00000000 -1344.00000000 16.00000000
-384.00000000 -1344.00000000 16.00000000

0 914 2 -1 3
-448.00000000 -1344.00000000 99.72600000
-384.00000000 -1344.00000000 99.80200000
-384.00000000 -1408.00000000 96.59700000

0 915 2 -2 3
-384.00000000 -1408.00000000 96.59700000
-384.00000000 -1344.00000000 99.80200000
-448.00000000 -1344.00000000 99.72600000

0 7 2 -1 3
-384.00000000 -1344.00000000 16.00000000
-384.00000000 -1408.00000000 16.00000000
-320.00000000 -1408.00000000 16.00000000

0 6 2 -2 3
-320.00000000 -1408.00000000 16.00000000
-384.00000000 -1408.00000000 16.00000000
-384.00000000 -1344.00000000 16.00000000

0 3 1 -1 4
-320.00000000 -1408.00000000 99.14700000
-320.00000000 -1408.00000000 16.00000000
-384.00000000 -1408.00000000 16.00000000
-384.00000000 -1408.00000000 96.59700000

0 2 1 -2 4
-384.00000000 -1408.00000000 96.59700000
-384.00000000 -1408.00000000 16.00000000
-320.00000000 -1408.00000000 16.00000000
-320.00000000 -1408.00000000 99.14700000

0 7 2 -1 3
-320.00000000 -1344.00000000 16.00000000
-384.00000000 -1344.00000000 16.00000000
-320.00000000 -1408.00000000 16.00000000

0 6 2 -2 3
-320.00000000 -1408.00000000 16.00000000
-384.00000000 -1344.00000000 16.00000000
-320.00000000 -1344.00000000 16.00000000

0 924 2 -1 3
-320.00000000 -1408.00000000 99.14700000
-384.00000000 -1408.00000000 96.59700000
-384.00000000 -1344.00000000 99.80200000

0 925 2 -2 3
-384.00000000 -1344.00000000 99.80200000
-384.00000000 -1408.00000000 96.59700000
-320.00000000 -1408.00000000 99.14700000

0 968 2 -1 3
-384.00000000 -1344.00000000 99.80200000
-320.00000000 -1344.00000000 101.63900000
-320.00000000 -1408.00000000 99.14700000

0 969 2 -2 3
-320.00000000 -1408.00000000 99.14700000
-320.00000000 -1344.00000000 101.63900000
-384.00000000 -1344.00000000 99.80200000

0 7 2 -1 3
-320.00000000 -1344.00000000 16.00000000
-320.00000000 -1408.00000000 16.00000000
-256.00000000 -1408.00000000 16.00000000

0 6 2 -2 3
-256.00000000 -1408.00000000 16.00000000
-320.00000000 -1408.00000000 16.00000000
-320.00000000 -1344.00000000 16.00000000

0 3 1 -1 4
-256.00000000 -1408.00000000 101.94700000
-256.00000000 -1408.00000000 16.00000000
-320.00000000 -1408.00000000 16.00000000
-320.00000000 -1408.00000000 99.14700000

0 2 1 -2 4
-320.00000000 -1408.00000000 99.14700000
-320.00000000 -1408.00000000 16.00000000
-256.00000000 -1408.00000000 16.00000000
-256.00000000 -1408.00000000 101.94700000

0 1022 2 -1 3
-256.00000000 -1408.00000000 101.94700000
-320.00000000 -1408.00000000 99.14700000
-320.00000000 -1344.00000000 101.63900000

0 1023 2 -2 3
-320.00000000 -1344.00000000 101.63900000
-320.00000000 -1408.00000000 99.14700000
-256.00000000 -1408.00000000 101.94700000

0 7 2 -1 3
-256.00000000 -1344.00000000 16.00000000
-256.00000000 -1408.00000000 16.00000000
-192.00000000 -1408.00000000 16.00000000

0 6 2 -2 3
-192.00000000 -1408.00000000 16.00000000
-256.00000000 -1408.00000000 16.00000000
-256.00000000 -1344.00000000 16.00000000

0 3 1 -1 4
-192.00000000 -1408.00000000 115.02500000
-192.00000000 -1408.00000000 16.00000000
-256.00000000 -1408.00000000 16.00000000
-256.00000000 -1408.00000000 101.94700000

0 2 1 -2 4
-256.00000000 -1408.00000000 101.94700000
-256.00000000 -1408.00000000 16.00000000
-192.00000000 -1408.00000000 16.00000000
-192.00000000 -1408.00000000 115.02500000

0 7 2 -1 3
-256.00000000 -1344.00000000 16.00000000
-320.00000000 -1344.00000000 16.00000000
-256.00000000 -1408.00000000 16.00000000

0 6 2 -2 3
-256.00000000 -1408.00000000 16.00000000
-320.00000000 -1344.00000000 16.00000000
-256.00000000 -1344.00000000 16.00000000

0 1046 2 -1 3
-192.00000000 -1408.00000000 115.02500000
-256.00000000 -1408.00000000 101.94700000
-256.00000000 -1344.00000000 104.28300000

0 1044 2 -1 3
-320.00000000 -1344.00000000 101.63900000
-256.00000000 -1344.00000000 104.28300000
-256.00000000 -1408.00000000 101.94700000

0 1047 2 -2 3
-256.00000000 -1344.00000000 104.28300000
-256.00000000 -1408.00000000 101.94700000
-192.00000000 -1408.00000000 115.02500000

0 1045 2 -2 3
-256.00000000 -1408.00000000 101.94700000
-256.00000000 -1344.00000000 104.28300000
-320.00000000 -1344.00000000 101.63900000

0 7 2 -1 3
-192.00000000 -1344.00000000 16.00000000
-256.00000000 -1344.00000000 16.00000000
-192.00000000 -1408.00000000 16.00000000

0 6 2 -2 3
-192.00000000 -1408.00000000 16.00000000
-256.00000000 -1344.00000000 16.00000000
-192.00000000 -1344.00000000 16.00000000

0 1088 2 -1 3
-256.00000000 -1344.00000000 104.28300000
-192.00000000 -1344.00000000 112.94600000
-192.00000000 -1408.00000000 115.02500000

0 1089 2 -2 3
-192.00000000 -1408.00000000 115.02500000
-192.00000000 -1344.00000000 112.94600000
-256.00000000 -1344.00000000 104.28300000

0 7 2 -1 3
-192.00000000 -1344.00000000 16.00000000
-192.00000000 -1408.00000000 16.00000000
-128.00000000 -1408.00000000 16.00000000

0 6 2 -2 3
-128.00000000 -1408.00000000 16.00000000
-192.00000000 -1408.00000000 16.00000000
-192.00000000 -1344.00000000 16.00000000

0 3 1 -1 4
-128.00000000 -1408.00000000 149.19500000
-128.00000000 -1408.00000000 16.00000000
-192.00000000 -1408.00000000 16.00000000
-192.00000000 -1408.00000000 115.02500000

0 2 1 -2 4
-192.00000000 -1408.00000000 115.02500000
-192.00000000 -1408.00000000 16.00000000
-128.00000000 -1408.00000000 16.00000000
-128.00000000 -1408.00000000 149.19500000

0 1142 2 -1 3
-128.00000000 -1408.00000000 149.19500000
-192.00000000 -1408.00000000 115.02500000
-192.00000000 -1344.00000000 112.94600000

0 1143 2 -2 3
-192.00000000 -1344.00000000 112.94600000
-192.00000000 -1408.00000000 115.02500000
-128.00000000 -1408.00000000 149.19500000

0 7 2 -1 3
-128.00000000 -1344.00000000 16.00000000
-192.00000000 -1344.00000000 16.00000000
-128.00000000 -1408.00000000 16.00000000

0 6 2 -2 3
-128.00000000 -1408.00000000 16.00000000
-192.00000000 -1344.00000000 16.00000000
-128.00000000 -1344.00000000 16.00000000

0 1158 2 -1 3
-192.00000000 -1344.00000000 112.94600000
-128.00000000 -1344.00000000 129.20200000
-128.00000000 -1408.00000000 149.19500000

0 1159 2 -2 3
-128.00000000 -1408.00000000 149.19500000
-128.00000000 -1344.00000000 129.20200000
-192.00000000 -1344.00000000 112.94600000

0 7 2 -1 3
-128.00000000 -1344.00000000 16.00000000
-128.00000000 -1408.00000000 16.00000000
-64.00000000 -1408.00000000 16.00000000

0 6 2 -2 3
-64.00000000 -1408.00000000 16.00000000
-128.00000000 -1408.00000000 16.00000000
-128.00000000 -1344.00000000 16.00000000

0 3 1 -1 4
-64.00000000 -1408.00000000 198.76800000
-64.00000000 -1408.00000000 16.00000000
-128.00000000 -1408.00000000 16.00000000
-128.00000000 -1408.00000000 149.19500000

0 2 1 -2 4
-128.00000000 -1408.00000000 149.19500000
-128.00000000 -1408.00000000 16.00000000
-64.00000000 -1408.00000000 16.00000000
-64.00000000 -1408.00000000 198.76800000

0 1162 2 -1 3
-64.00000000 -1408.00000000 198.76800000
-128.00000000 -1408.00000000 149.19500000
-128.00000000 -1344.00000000 129.20200000

0 1163 2 -2 3
-128.00000000 -1344.00000000 129.20200000
-128.00000000 -1408.00000000 149.19500000
-64.00000000 -1408.00000000 198.76800000

0 7 2 -1 3
-64.00000000 -1344.00000000 16.00000000
-128.00000000 -1344.00000000 16.00000000
-64.00000000 -1408.00000000 16.00000000

0 6 2 -2 3
-64.00000000 -1408.00000000 16.00000000
-128.00000000 -1344.00000000 16.00000000
-64.00000000 -1344.00000000 16.00000000

0 1204 2 -1 3
-128.00000000 -1344.00000000 129.20100000
-64.00000000 -1344.00000000 160.95300000
-64.00000000 -1408.00000000 198.76800000

0 1205 2 -2 3
-64.00000000 -1408.00000000 198.76800000
-64.00000000 -1344.00000000 160.95300000
-128.00000000 -1344.00000000 129.20100000

0 7 2 -1 3
-64.00000000 -1344.00000000 16.00000000
-64.00000000 -1408.00000000 16.00000000
-0.00000000 -1408.00000000 16.00000000

0 6 2 -2 3
-0.00000000 -1408.00000000 16.00000000
-64.00000000 -1408.00000000 16.00000000
-64.00000000 -1344.00000000 16.00000000

0 7 2 -1 3
0.00000000 -1344.00000000 16.00000000
-64.00000000 -1344.00000000 16.00000000
0.00000000 -1408.00000000 16.00000000

0 6 2 -2 3
0.00000000 -1408.00000000 16.00000000
-64.00000000 -1344.00000000 16.00000000
0.00000000 -1344.00000000 16.00000000

0 3 1 -1 4
-0.00000000 -1408.00000000 236.93400000
0.00000000 -1408.00000000 16.00000000
-64.00000000 -1408.00000000 16.00000000
-64.00000000 -1408.00000000 198.76700000

0 2 1 -2 4
-64.00000000 -1408.00000000 198.76700000
-64.00000000 -1408.00000000 16.00000000
0.00000000 -1408.00000000 16.00000000
-0.00000000 -1408.00000000 236.93400000

0 1268 2 -1 3
-64.00000000 -1344.00000000 160.95300000
0.00000000 -1344.00000000 203.32600000
0.00000000 -1408.00000000 236.93400000

0 1269 2 -2 3
0.00000000 -1408.00000000 236.93400000
0.00000000 -1344.00000000 203.32600000
-64.00000000 -1344.00000000 160.95300000

0 1254 2 -1 3
0.00000000 -1408.00000000 236.93400000
-64.00000000 -1408.00000000 198.76700000
-64.00000000 -1344.00000000 160.95200000

0 1255 2 -2 3
-64.00000000 -1344.00000000 160.95200000
-64.00000000 -1408.00000000 198.76700000
0.00000000 -1408.00000000 236.93400000

0 7 2 -1 3
0.00000000 -1344.00000000 16.00000000
0.00000000 -1408.00000000 16.00000000
64.00000000 -1408.00000000 16.00000000

0 6 2 -2 3
64.00000000 -1408.00000000 16.00000000
0.00000000 -1408.00000000 16.00000000
0.00000000 -1344.00000000 16.00000000

0 3 1 -1 4
64.00000000 -1408.00000000 247.12600000
64.00000000 -1408.00000000 16.00000000
0.00000000 -1408.00000000 16.00000000
0.00000000 -1408.00000000 236.93400000

0 7 2 -1 3
64.00000000 -1344.00000000 16.00000000
-0.00000000 -1344.00000000 16.00000000
64.00000000 -1408.00000000 16.00000000

0 6 2 -2 3
64.00000000 -1408.00000000 16.00000000
-0.00000000 -1344.00000000 16.00000000
64.00000000 -1344.00000000 16.00000000

0 2 1 -2 4
0.00000000 -1408.00000000 236.93400000
0.00000000 -1408.00000000 16.00000000
64.00000000 -1408.00000000 16.00000000
64.00000000 -1408.00000000 247.12600000

0 1322 2 -1 3
0.00000000 -1344.00000000 203.32600000
64.00000000 -1344.00000000 216.76300000
64.00000000 -1408.00000000 247.12600000

0 1323 2 -2 3
64.00000000 -1408.00000000 247.12600000
64.00000000 -1344.00000000 216.76300000
0.00000000 -1344.00000000 203.32600000

0 7 2 -1 3
64.00000000 -1344.00000000 16.00000000
64.00000000 -1408.00000000 16.00000000
128.00000000 -1408.00000000 16.00000000

0 6 2 -2 3
128.00000000 -1408.00000000 16.00000000
64.00000000 -1408.00000000 16.00000000
64.00000000 -1344.00000000 16.00000000

0 3 1 -1 4
128.00000000 -1408.00000000 227.27000000
128.00000000 -1408.00000000 16.00000000
64.00000000 -1408.00000000 16.00000000
64.00000000 -1408.00000000 247.12600000

0 2 1 -2 4
64.00000000 -1408.00000000 247.12600000
64.00000000 -1408.00000000 16.00000000
128.00000000 -1408.00000000 16.00000000
128.00000000 -1408.00000000 227.27000000

0 1362 2 -1 3
128.00000000 -1408.00000000 227.27000000
64.00000000 -1408.00000000 247.12600000
64.00000000 -1344.00000000 216.76300000

0 1363 2 -2 3
64.00000000 -1344.00000000 216.76300000
64.00000000 -1408.00000000 247.12600000
128.00000000 -1408.00000000 227.27000000

0 7 2 -1 3
128.00000000 -1408.00000000 16.00000000
128.00000000 -1344.00000000 16.00000000
64.00000000 -1344.00000000 16.00000000

0 6 2 -2 3
64.00000000 -1344.00000000 16.00000000
128.00000000 -1344.00000000 16.00000000
128.00000000 -1408.00000000 16.00000000

0 1380 2 -1 3
64.00000000 -1344.00000000 216.76300000
128.00000000 -1344.00000000 197.42400000
128.00000000 -1408.00000000 227.27000000

0 1381 2 -2 3
128.00000000 -1408.00000000 227.27000000
128.00000000 -1344.00000000 197.42400000
64.00000000 -1344.00000000 216.76300000

0 7 2 -1 3
128.00000000 -1344.00000000 16.00000000
128.00000000 -1408.00000000 16.00000000
192.00000000 -1408.00000000 16.00000000

0 6 2 -2 3
192.00000000 -1408.00000000 16.00000000
128.00000000 -1408.00000000 16.00000000
128.00000000 -1344.00000000 16.00000000

0 3 1 -1 4
192.00000000 -1408.00000000 204.33100000
192.00000000 -1408.00000000 16.00000000
128.00000000 -1408.00000000 16.00000000
128.00000000 -1408.00000000 227.27000000

0 2 1 -2 4
128.00000000 -1408.00000000 227.27000000
128.00000000 -1408.00000000 16.00000000
192.00000000 -1408.00000000 16.00000000
192.00000000 -1408.00000000 204.33100000

0 1394 2 -1 3
192.00000000 -1408.00000000 204.33100000
128.00000000 -1408.00000000 227.27000000
128.00000000 -1344.00000000 197.42400000

0 1395 2 -2 3
128.00000000 -1344.00000000 197.42400000
128.00000000 -1408.00000000 227.27000000
192.00000000 -1408.00000000 204.33100000

0 1280 2 -1 3
64.00000000 -1408.00000000 247.12600000
0.00000000 -1408.00000000 236.93400000
0.00000000 -1344.00000000 203.32600000

0 1281 2 -2 3
0.00000000 -1344.00000000 203.32600000
0.00000000 -1408.00000000 236.93400000
64.00000000 -1408.00000000 247.12600000

0 7 2 -1 3
192.00000000 -1344.00000000 16.00000000
192.00000000 -1408.00000000 16.00000000
256.00000000 -1408.00000000 16.00000000

0 6 2 -2 3
256.00000000 -1408.00000000 16.00000000
192.00000000 -1408.00000000 16.00000000
192.00000000 -1344.00000000 16.00000000

0 3 1 -1 4
256.00000000 -1408.00000000 198.47900000
256.00000000 -1408.00000000 16.00000000
192.00000000 -1408.00000000 16.00000000
192.00000000 -1408.00000000 204.33100000

0 2 1 -2 4
192.00000000 -1408.00000000 204.33100000
192.00000000 -1408.00000000 16.00000000
256.00000000 -1408.00000000 16.00000000
256.00000000 -1408.00000000 198.47900000

0 7 2 -1 3
192.00000000 -1344.00000000 16.00000000
128.00000000 -1344.00000000 16.00000000
192.00000000 -1408.00000000 16.00000000

0 6 2 -2 3
192.00000000 -1408.00000000 16.00000000
128.00000000 -1344.00000000 16.00000000
192.00000000 -1344.00000000 16.00000000

0 1464 2 -1 3
256.00000000 -1408.00000000 198.47900000
192.00000000 -1408.00000000 204.33100000
192.00000000 -1344.00000000 192.20800000

0 1465 2 -2 3
192.00000000 -1344.00000000 192.20800000
192.00000000 -1408.00000000 204.33100000
256.00000000 -1408.00000000 198.47900000

0 1446 2 -1 3
128.00000000 -1344.00000000 197.42400000
192.00000000 -1344.00000000 192.20800000
192.00000000 -1408.00000000 204.33100000

0 1447 2 -2 3
192.00000000 -1408.00000000 204.33100000
192.00000000 -1344.00000000 192.20800000
128.00000000 -1344.00000000 197.42400000

0 7 2 -1 3
256.00000000 -1344.00000000 16.00000000
192.00000000 -1344.00000000 16.00000000
256.00000000 -1408.00000000 16.00000000

0 6 2 -2 3
256.00000000 -1408.00000000 16.00000000
192.00000000 -1344.00000000 16.00000000
256.00000000 -1344.00000000 16.00000000

0 1478 2 -1 3
192.00000000 -1344.00000000 192.20800000
256.00000000 -1344.00000000 197.24100000
256.00000000 -1408.00000000 198.47900000

0 1479 2 -2 3
256.00000000 -1408.00000000 198.47900000
256.00000000 -1344.00000000 197.24100000
192.00000000 -1344.00000000 192.20800000

0 7 2 -1 3
256.00000000 -1344.00000000 16.00000000
256.00000000 -1408.00000000 16.00000000
320.00000000 -1408.00000000 16.00000000

0 6 2 -2 3
320.00000000 -1408.00000000 16.00000000
256.00000000 -1408.00000000 16.00000000
256.00000000 -1344.00000000 16.00000000

0 3 1 -1 4
320.00000000 -1408.00000000 203.00000000
320.00000000 -1408.00000000 16.00000000
256.00000000 -1408.00000000 16.00000000
256.00000000 -1408.00000000 198.47900000

0 2 1 -2 4
256.00000000 -1408.00000000 198.47900000
256.00000000 -1408.00000000 16.00000000
320.00000000 -1408.00000000 16.00000000
320.00000000 -1408.00000000 203.00000000

0 1500 2 -1 3
320.00000000 -1408.00000000 203.00000000
256.00000000 -1408.00000000 198.47900000
256.00000000 -1344.00000000 197.24100000

0 1501 2 -2 3
256.00000000 -1344.00000000 197.24100000
256.00000000 -1408.00000000 198.47900000
320.00000000 -1408.00000000 203.00000000

0 7 2 -1 3
320.00000000 -1344.00000000 16.00000000
256.00000000 -1344.00000000 16.00000000
320.00000000 -1408.00000000 16.00000000

0 6 2 -2 3
320.00000000 -1408.00000000 16.00000000
256.00000000 -1344.00000000 16.00000000
320.00000000 -1344.00000000 16.00000000

0 1568 2 -1 3
256.00000000 -1344.00000000 197.24100000
320.00000000 -1344.00000000 204.27700000
320.00000000 -1408.00000000 203.00000000

0 1569 2 -2 3
320.00000000 -1408.00000000 203.00000000
320.00000000 -1344.00000000 204.27700000
256.00000000 -1344.00000000 197.24100000

0 7 2 -1 3
320.00000000 -1344.00000000 16.00000000
320.00000000 -1408.00000000 16.00000000
384.00000000 -1408.00000000 16.00000000

0 6 2 -2 3
384.00000000 -1408.00000000 16.00000000
320.00000000 -1408.00000000 16.00000000
320.00000000 -1344.00000000 16.00000000

0 3 1 -1 4
384.00000000 -1408.00000000 209.58200000
384.00000000 -1408.00000000 16.00000000
320.00000000 -1408.00000000 16.00000000
